16583
23218
18993
9320
10338
14619
15808
20288
1241
20923
4957
18925
23015
22694
18567
4724
23148
8124
454
16384
1721
12229
2405
23072
26453
26851
6200
26662
9264
8540
1618
19984
14576
20902
13695
4520
11572
16021
9234
4971
19869
3162
7302
22065
7505
21061
19028
1220
13844
26789
371
8457
10700
9899
21694
26156
19366
12045
7490
13535
12213
450
3501
38
9074
16773
2626
21728
25659
8
17130
20109
14547
17691
7309
1705
18139
4431
8658
2566
9962
26958
20977
20756
10627
17193
23590
11997
18936
18198
20585
9604
23185
16908
22437
20920
14964
21442
21138
5038
4558
26134
19393
8402
26731
24434
991
10140
6130
3448
6984
10787
16601
8637
3781
13709
1994
5404
11586
7234
11921
7
14330
12665
6097
22556
22971
19925
25875
1754
10075
7453
15040
26565
1885
7212
24406
24124
18705
1673
13784
23948
19409
16559
25139
7827
23334
7005
4729
5687
14424
21217
13065
5529
19161
18750
3119
12131
11139
705
6778
24414
25732
25447
21956
2145
1173
12790
15480
3604
16238
13252
1116
22701
1971
2770
16338
24473
26125
4882
4152
1220
12595
19435
26071
15031
13979
1084
21597
1810
25090
11125
5124
25679
4093
26160
18486
3906
19802
6090
5396
20263
12755
24198
12959
6591
23768
10021
26348
2158
687
415
25113
26550
24038
12093
13280
20428
25174
12314
16230
2764
6830
20664
5903
2883
9813
16150
7651
11245
4212
7734
10766
3415
4665
3546
12181
9687
4138
7759
236
7986
527
1437
10684
11692
12076
17280
22694
12296
22996
4298
22043
26677
21023
23893
17938
20092
5731
17514
12310
5374
21840
2687
4230
5569
22349
10543
24493
4207
5752
21609
2783
16251
6280
11752
4490
16815
13894
21708
2523
12970
25001
11482
4178
16744
26318
15067
17903
23363
22900
20260
22682
20073
18747
13458
4450
17137
16781
24818
19085
1200
1619
18294
12514
8802
3001
3909
6703
1712
23648
299
22196
10623
9903
7269
9422
6489
25726
15974
10444
13056
1327
16025
14722
13893
1113
6514
4376
9612
12710
23560
20060
21067
20789
18825
1877
12766
1012
20895
18895
16859
3920
21230
7673
9567
2550
5324
26495
22010
5770
13922
7101
24043
11546
14777
7668
5802
1912
26801
25104
18848
25016
18911
10563
1821
23394
24505
15875
17528
244
22036
10467
10760
21215
22590
9136
26387
13809
12765
25305
13244
1935
3050
14819
15075
5673
18305
3390
8256
20570
11816
10037
25929
15261
14557
6212
4658
4145
18734
18404
24102
20003
22696
14720
16309
6442
6049
11172
6384
8178
6474
13391
18348
14909
9909
25175
6148
2148
20657
16064
21697
22081
8197
11913
9215
20966
26803
9302
4007
6314
23689
23985
26351
24867
23009
7393
20408
23067
18767
6974
13643
16087
16083
26804
18761
30
860
23741
11968
16971
3210
19645
10769
13369
2835
13436
23470
16398
11357
16357
4917
6363
10752
21820
18930
4597
26632
6543
25596
8754
5022
14254
11864
2380
6129
20162
16682
11532
3808
8921
5711
9731
1065
6062
18971
22394
26938
2697
18202
2397
719
25373
10878
3758
1480
17971
21790
6316
11385
9237
12762
17549
13196
24808
10542
1589
12423
22715
24569
13983
12067
24771
5671
11230
8562
15526
18202
17765
26149
19493
8287
4391
14272
15952
20792
13883
7611
4632
21139
4166
21837
15678
24272
22483
2749
18360
1854
24178
25864
15074
12006
7826
19553
24266
21101
18214
11597
9939
8433
14826
20480
3548
13828
951
15062
5544
12738
16585
4501
17706
8209
19645
3715
26073
24041
9588
21802
12446
1907
18843
3954
9017
5746
25004
11745
6576
13036
6283
24513
21681
9900
25907
20200
16258
20829
10913
1036
1793
10957
18897
3580
26025
22048
22135
14797
15864
1839
6381
24776
17300
25687
18500
11119
3420
24689
7890
13849
9926
5146
13943
6023
7258
11078
12314
1779
26490
11998
15652
16488
11323
12187
17745
13231
19780
21422
22467
7229
3356
980
17133
13316
17302
2431
491
6421
24574
16317
17842
12747
26177
20634
26048
1917
23956
19571
17998
17194
17705
26599
16195
15289
2524
11691
11437
371
11423
22988
4831
4338
20943
6243
10190
16511
22578
4762
25780
26037
10021
8135
15893
157
1935
15349
20630
6794
2
20773
635
11148
10976
2329
1152
10180
4130
18047
24418
3024
7959
3543
4808
22938
12429
22369
22764
19541
26744
11393
18544
7177
13507
3704
12513
6824
5883
19407
11746
17200
10381
11951
16483
3876
17001
14060
20339
486
14127
7446
17163
17861
24821
11134
26261
20735
19272
3113
21128
24977
20651
26616
24523
20792
9767
20274
15630
15488
2283
25162
16288
19452
719
2379
4526
13581
14947
10723
21392
8254
3273
12455
22332
9017
4634
23422
13292
18000
21084
16528
25595
12918
10818
2472
26199
10508
7044
2836
11766
21708
20970
18140
2872
11551
3975
11120
20761
16630
12615
5486
18908
9006
12153
3026
13607
20618
13707
22370
23606
2527
10876
26691
17746
3691
14693
14714
24212
20248
24273
8001
7684
20030
865
19026
1709
5867
17916
5202
15762
15622
22993
23808
25055
7011
24247
23620
14355
15603
25255
9946
10937
10951
12326
2167
19994
3682
6580
2998
9693
11025
4015
14890
12310
5277
5870
11358
23656
5974
574
1621
24156
5992
1151
7827
14480
2055
15850
18120
18843
2562
19276
25472
6437
7029
3489
19404
1060
6934
16240
2720
15062
55
18909
8344
23621
8131
7735
5583
24539
14469
18632
25898
15767
25587
1721
4042
4864
6215
22757
22931
21093
15256
26197
25044
22153
6199
18058
10773
5950
10714
19124
9162
10423
11303
8611
11262
21813
22626
25030
18552
26640
11219
14654
19881
24470
12794
18818
17748
2348
1952
25749
17493
13815
13144
22826
11081
14207
23699
23626
2077
3469
4536
23268
23092
17085
15761
7583
22614
6123
19801
10548
14407
22441
20040
2740
21114
8294
18938
6202
2857
3610
8381
9204
3661
3671
3723
12630
18729
5809
10580
4821
858
21163
25097
23404
18729
15068
6456
24094
9132
4192
13492
1710
12610
2830
11940
15548
22572
5355
6766
9932
1389
22396
15320
14383
15823
6878
6759
13537
1297
5765
21549
21408
26334
12487
7281
12802
11680
3033
26419
18620
14973
16547
14686
687
21487
21802
25433
15717
9268
15446
4695
4380
13592
20738
8335
4868
17217
15109
6443
9999
9584
23431
10936
24206
13973
26735
2104
17663
16618
8160
10272
16090
2336
9027
9464
19892
2523
25501
14837
8495
18450
23495
1735
22612
7668
23301
20168
7495
1145
3212
2148
6258
20981
3202
7411
24689
14797
25677
7295
26792
13270
1013
14707
15462
18438
16678
16668
932
856
6910
10135
11417
4782
21980
923
9739
12705
1925
4009
25248
24065
11734
1903
22656
17035
11531
12903
17842
8378
3228
23033
17141
17935
20661
4108
4077
1715
12423
24900
18827
15348
9634
17253
16952
14541
20239
4847
4575
1161
26432
2840
18216
18058
2857
6218
2143
13490
2885
19033
7503
5608
21084
15660
3294
18470
14492
13868
23515
14569
25480
2429
25782
25367
21459
11409
26440
21747
15009
21398
3088
6174
15896
11484
20034
24648
402
20534
10673
15005
15599
21109
9084
1134
11288
6032
3760
13099
22961
20034
959
15458
15164
3084
6081
8118
2350
14402
7754
7376
5321
25332
2925
16242
13044
9034
20949
19828
19142
3152
21754
1153
1770
5304
10981
13825
12493
12059
14894
15444
26471
13051
8598
16500
20979
9282
14532
26859
5728
664
22609
5928
24453
8145
5272
21917
4061
12090
6879
15639
8193
9339
2878
13527
26778
9461
24982
21667
12424
13496
2140
21966
20147
20732
6329
26724
271
5128
23299
13472
14201
14641
89
5082
7576
12679
21808
26152
22824
5811
20057
12513
15457
12230
19930
18655
7316
243
16004
26672
23683
23467
3116
8833
13358
15705
15620
6723
5291
2856
23908
11572
13123
22330
6282
14815
25107
18099
19923
5483
11627
20887
9109
26509
1896
4838
8397
22299
14264
17808
14366
1508
15810
14561
15408
5771
8935
11148
13062
20381
9159
24584
12617
9201
19478
22419
22613
14330
8120
11252
4786
1436
26307
8773
1914
4394
4047
13854
15990
7499
16749
20859
8731
9937
6185
26982
10411
11052
21124
15193
3534
14078
23206
19167
14101
20567
12048
18691
6832
1406
16136
17527
19759
7609
8230
20109
16662
24250
393
19580
26749
9623
8466
9708
6341
13648
4282
4055
14013
23634
23434
23798
20882
17480
19468
12663
14397
1959
12526
23008
10543
16600
15114
1008
481
10917
15415
22170
25575
23123
11100
10153
19033
3699
24395
17911
27
14168
18817
14710
6002
14144
10935
8036
3794
2027
20620
7119
9033
16850
21807
2809
13142
19369
14258
11684
12735
12811
13304
4023
13399
2243
20853
1803
18849
15295
4378
11565
8303
12894
1447
143
16228
15642
18247
20665
12116
4742
21596
14292
20548
25307
18241
16053
8923
960
1050
17137
8492
1501
16387
16454
26256
22989
16376
4729
19889
20247
15881
22866
9495
24459
24575
8964
8881
7875
1805
5415
7557
16222
16270
7537
18199
3787
3386
10819
21615
796
2293
26191
8321
304
17485
15158
10301
1035
21631
24343
1943
5297
7208
5248
19269
13239
18183
5254
11221
26032
13797
18759
23846
14128
15173
1184
2311
22788
10878
21662
6487
13523
22086
25013
11913
6137
15213
16675
5329
19045
10499
10555
16157
13055
7172
1203
14593
25397
19838
26345
20750
11198
8899
23493
218
13722
17222
9867
26462
6157
4700
19052
3742
8993
13596
3303
17825
2698
12349
25628
13794
18118
23636
17620
10613
1116
23303
23016
10964
15824
23813
19744
21439
8991
15622
19144
9580
19333
20509
11588
16169
23716
21935
8317
1118
3085
21757
9671
15893
9962
11132
6333
20345
24535
20478
13213
19016
1465
3596
1922
26618
21709
8189
22272
22419
4276
9393
19203
13741
2173
2275
14316
9289
6318
20539
26831
17392
20350
5516
430
20158
10935
4143
21282
26794
12324
527
23434
15381
11933
23599
23259
16563
24668
9928
645
18732
16498
4375
6277
12124
24359
19408
16976
1607
21729
6522
18931
13450
1294
19999
26397
19809
21392
16854
10929
16334
21197
2768
19985
16937
3216
25778
22447
3461
11003
16814
7332
9587
11194
6971
26855
21795
20740
8817
21050
17365
24409
19290
7401
283
10022
13172
21420
23056
25606
8624
13257
14632
1483
8288
26122
21210
13929
26498
17106
13624
8379
17354
22214
25366
11689
1217
1089
20759
25858
15198
25775
13109
8682
4928
10839
16729
6794
7835
14804
9995
13061
4207
18194
4455
17969
22151
20486
22370
23830
25528
4285
25334
22731
15143
14201
24679
5276
1539
5574
19630
25415
25021
24383
13965
7986
19724
23950
19806
104
2246
17304
20964
17558
18290
18878
15467
26656
10495
24034
13101
13630
6376
21059
20122
6721
10668
19082
25212
15717
10149
4310
15620
5119
15942
9999
1872
12317
13018
6859
18551
12132
19442
13136
12050
4167
678
25974
26671
2360
17948
18434
7333
11411
3619
6904
3088
13193
18504
11577
6570
18434
21160
10887
24304
24112
3507
8920
10556
17293
21513
1296
1482
2196
6115
18149
13080
24457
11105
8587
5371
24414
8915
20932
6198
7720
708
18009
18688
3669
25431
26952
16148
9844
8379
3455
5298
21744
2964
4142
3744
6476
15009
24711
21846
11054
967
23749
4305
25539
12951
23777
10547
15663
10
20709
14765
8284
24939
7563
22291
7811
12717
909
7618
19525
12590
12080
5703
7707
8326
17957
24140
15865
4315
23178
16981
20198
18775
15541
13419
14235
2635
18414
22653
25989
5994
10172
10365
15606
6244
21519
20108
1988
10581
6061
6734
26763
11920
6704
20467
4129
9664
8651
26337
12673
478
19455
2444
16370
21888
75
4066
7332
12542
14426
14256
24829
894
16856
13534
14127
4567
7069
24414
20495
25646
13654
17982
196
8961
23979
2894
5424
21243
16623
18966
2892
1777
9262
18105
7062
22788
3990
7940
24823
14414
12826
18172
1918
5758
1461
5287
17784
20338
10654
18984
1189
19137
1470
1105
26082
17156
317
360
17456
20101
19536
6366
10723
26692
23813
5653
8852
21286
25536
15679
24148
9876
1191
23499
1739
9771
6279
13592
4193
20244
22364
2471
24882
2160
2949
14302
5208
12599
11498
9175
12348
6108
5816
2464
9393
14954
11052
11424
16895
6533
24634
8346
19600
7016
19686
15266
23349
20613
19319
19241
8644
23248
15175
26381
7157
9254
16351
9451
26365
3243
7925
26618
17987
8054
22797
9609
16034
15753
7389
10036
17657
1368
8079
22705
3406
6282
15804
3613
4370
25984
25341
5608
17002
13209
16018
19920
1127
90
5764
1375
23982
9208
21739
2550
21514
2161
7585
3485
13029
24766
5039
11818
9777
4970
19168
25133
6969
15388
17582
7752
23805
23983
16825
1979
17737
24500
15668
519
9812
15806
20370
13752
18289
15172
4327
7189
19895
11117
8025
10636
22565
25961
5002
25323
5949
9654
5606
14213
7661
18555
21530
21345
10317
20118
14680
26385
21644
3745
22736
14024
23806
24858
3445
17409
7135
7618
8119
14107
14602
11088
15082
21355
6759
25503
20848
22704
15440
11373
22461
10065
17928
7417
14941
4623
12207
5401
2417
20964
18166
16497
21874
8752
10601
1726
24751
18782
5496
2519
19056
4186
24082
3040
1860
12793
14958
501
6007
14740
22586
5387
14242
11909
21729
6059
15862
7403
18405
9829
21794
6159
25680
7600
4140
2506
20602
4650
23307
17777
3235
5006
1583
24628
1884
14318
1173
2995
4645
22774
8303
16069
10025
2533
293
7151
9856
9435
17241
20099
24882
5840
10708
25608
22498
2683
5086
9529
6160
3399
14418
22488
12717
2120
17439
18951
17776
8083
17351
12825
3135
7518
18955
7141
19868
3653
4988
12795
11322
12190
4529
7543
7814
18560
9946
26848
9174
10333
14685
24530
18678
9539
10034
12519
4373
1263
6903
25894
11867
11477
15128
1569
19686
4798
9824
13072
17100
8451
24719
20085
12433
23841
12855
18430
26217
11275
26159
20004
12076
6149
26334
10474
26531
11453
17904
3150
21808
16453
2938
15358
16814
17786
23824
25459
7421
22596
24752
15437
13265
15981
11230
19227
24571
3629
22899
21212
10106
18676
17211
9900
12630
25771
17694
6911
18799
18661
16974
5284
14246
1763
26197
21743
20704
9783
20403
21962
17537
12796
20013
6825
6804
8427
23937
26250
11489
4491
11640
24345
936
22483
22803
10518
15702
1455
6266
14659
16469
2771
802
25188
26431
3414
15888
9699
3448
15889
2572
1347
19630
17431
10361
14282
26643
4051
13670
3445
126
898
25419
11591
4454
337
17189
16507
1522
23897
22191
9022
12125
26337
12535
9989
2300
15254
23088
16087
7757
1801
6426
1129
2542
15415
9051
11329
23805
21537
6850
936
18793
23318
5412
21261
18680
6233
18615
20075
11619
166
4966
10342
19979
2416
15114
6413
21789
25059
10137
10180
2879
13433
176
23908
9972
9242
8578
26138
5694
13915
6803
5089
7822
9916
14098
17501
11829
26507
12688
866
12318
9359
3748
1308
15355
21286
13708
13084
9630
15458
23015
15269
23156
2149
16507
5365
14662
8462
23625
15570
22955
7250
5903
12836
17042
14354
22964
6266
15445
11365
23238
19791
6484
246
20832
13053
2716
19906
3281
18808
3170
14767
23538
16797
16488
23101
23258
23955
25197
3949
19080
4619
24651
13866
8571
8274
26086
13924
12919
16918
4638
11017
11438
25943
7160
20251
24993
24604
22231
11741
5803
11817
9338
26098
1762
24774
11304
17353
21907
16429
26598
3391
6626
16090
641
26340
23132
24939
11593
4503
23483
14134
24940
12
5501
13301
14543
25609
5814
25014
5565
25812
7496
8176
11806
2287
20067
1889
9558
13887
2977
14691
19785
25629
22159
13478
24627
8599
3642
24911
7900
8479
6374
20359
18236
21344
2407
5073
24794
14621
5657
13759
3634
5641
8424
22567
24101
20006
9381
16333
12769
7217
14136
10163
23816
20881
26775
10447
23632
1253
23723
20981
9476
25135
4290
2702
22572
12975
14850
26515
6284
19258
19800
22378
12449
8636
22282
3780
4181
1077
7503
8094
1153
5729
5645
4471
746
16809
4372
16091
20525
19453
8750
10633
9685
21087
17998
16685
14432
26484
20967
7437
12780
26470
23808
224
26787
16462
20571
23838
47
18190
20745
12670
1121
11105
25632
2608
25512
21134
21709
24157
23635
17845
13120
21370
6540
26546
18399
1258
5250
21777
18136
4996
7121
18138
20600
1378
6231
18630
15729
4557
8613
1310
21431
7854
4204
7096
5936
15518
23389
11562
19360
22920
12427
5294
13734
4280
4178
23060
8291
8829
22783
18380
14336
7419
3075
2511
15149
12783
5314
25805
8160
16514
17442
22791
1092
26357
21130
3761
16581
14226
24016
13205
1560
24626
599
10706
5634
15205
24830
15963
21643
8539
11030
20588
10441
14159
10584
25468
10955
25720
14954
19920
20396
6891
15916
22048
10718
23701
4518
3602
13523
7775
3823
5752
20907
24903
5503
5846
3691
6433
15236
16708
7832
17400
5476
11862
20935
6890
18358
10731
13950
11365
17613
21832
26439
8137
18685
7606
14876
16248
25386
1428
20333
6007
4146
26903
12466
9579
5368
12427
12563
5322
20998
24730
13950
11540
20338
21892
4931
26273
14622
7063
25573
10386
20987
22077
18649
2291
26642
26161
20562
21403
4434
14256
20327
14487
15933
3510
6770
19263
15452
11017
1297
18539
485
18175
15585
22984
24982
24273
13105
17391
23326
17445
15068
3342
25857
15800
8595
11286
17772
5032
25858
13002
26794
9234
6783
14084
6219
4172
24144
16704
12365
15436
3388
13403
11619
5480
708
7894
10655
21578
1324
13779
5481
18003
10108
26210
14781
14236
6003
22085
15168
14785
16497
10530
6444
9292
3680
11925
14504
20210
2991
9904
894
5572
9895
21540
258
10405
9244
20107
25131
9667
15897
5581
3689
4246
19376
16305
14072
19353
12512
10741
19102
16743
24719
894
3992
21679
18817
8226
2379
14913
22380
18534
6312
17766
12026
8774
24038
25927
6409
7941
19722
25615
3742
10358
26450
453
25492
605
17243
3585
13706
1692
17532
2733
22414
16763
15122
236
25691
21581
22572
307
12637
15169
6214
19933
16754
21631
24860
20118
799
7000
23980
19279
25613
23186
4554
1139
6229
2986
2480
16580
26921
14712
2953
11458
11446
5954
2083
1967
18673
1254
21876
618
13024
4113
22651
11252
6558
10593
5173
6359
23418
3934
16077
2173
14381
11282
20807
11358
5812
15261
16939
26464
8887
8417
2988
4409
15795
12569
22899
10573
9562
6414
15401
13600
7066
2143
3938
11140
7123
14150
15560
19183
18144
3863
2494
22138
1314
24593
4322
153
3385
8742
7991
19870
13210
21964
4772
21730
21832
26821
5621
8470
3577
12322
6091
3309
24405
18916
16819
9475
12654
12887
2212
18061
10314
12867
5265
22202
15883
25736
10401
14415
18612
1869
18750
13328
13377
8940
24486
13492
11379
16000
20913
51
17871
3497
425
26082
155
20669
17405
481
26706
3764
2360
26068
22881
25246
16150
2491
18303
26803
4500
20946
3780
23773
20848
14205
439
3551
3036
11511
23609
18260
6535
2145
2072
15519
20423
26177
7479
14984
13557
16656
2442
10685
16932
2342
26869
23927
11796
19198
16415
1493
9970
15026
11749
3249
19880
23943
17341
5161
16869
3787
12445
2119
21218
5691
24046
22158
13648
24443
19392
5416
10802
14401
20032
17528
3808
22829
1854
23514
1670
17125
7979
7568
4159
17477
10847
9115
4729
21776
5260
12107
23010
24184
74
9011
22621
21792
11262
11802
2862
24049
21917
23375
5362
12669
26618
6828
4695
3749
239
22984
17979
23153
9982
19024
11082
10213
21612
20654
17079
14522
26663
26318
21535
17323
25999
1343
5800
3819
825
26177
12718
6275
26403
18174
10184
16957
26983
8091
18377
26852
3582
8579
14873
10829
10900
13018
15311
863
8576
11146
24998
10739
3800
912
14816
26738
11198
8265
12527
9344
8348
6889
1992
12246
10500
9379
23084
7426
6716
1725
10085
11947
12512
26781
5496
474
16714
1719
7119
13470
3037
517
20894
25733
16292
19602
14808
19308
5201
5649
23974
13767
16702
10748
19823
4171
8552
10391
8392
21670
17096
21288
18845
2143
16073
926
22647
17723
14411
19331
13967
19207
3231
1025
5579
26126
14838
9745
499
13257
23666
20155
10683
9150
9470
15719
17160
22185
13011
19977
24522
10162
2884
12154
16939
1690
23666
5704
4404
7860
2435
13402
1423
11779
12394
22572
19232
19026
16707
4375
1892
5238
14191
2515
25666
194
16145
18173
25808
3935
25206
3636
4363
22242
12673
11853
8210
21526
19907
8028
19725
17672
22996
17685
25138
10254
22647
2109
3900
13115
15143
26606
7671
12223
14011
2087
6860
17569
2642
25105
17112
25842
22612
20662
22431
2487
1847
21020
22909
4779
23199
8831
7272
8875
10175
5116
5655
21033
14060
21552
11863
5345
22249
24287
24507
11524
15849
22252
23056
25136
20943
10310
9767
19595
7804
1353
17041
17594
3754
1552
13934
7600
26254
25127
11056
15864
3889
6630
11946
21299
16634
5795
8888
10615
11611
24706
25483
7938
6607
16671
19648
14070
12354
18249
4914
23286
22226
9999
12966
16537
20292
24412
12297
4115
14936
12352
7024
6674
2299
22223
12572
13296
11126
165
16862
17171
11560
13448
15961
10272
12526
21663
8079
13680
25553
22565
5101
11205
24203
22546
17349
17471
26666
1419
25771
1017
7595
13957
8054
21357
13520
22695
10472
14958
26387
13277
1003
13728
3568
19492
13940
22315
14265
310
19821
11664
8103
14154
12009
15764
15579
25762
18913
4076
4429
4383
17368
434
21211
13106
15665
23777
4441
25700
3278
3776
10337
2938
23537
18648
11128
25825
12202
701
24213
5726
19345
16701
7533
22594
12491
11536
13031
13505
11918
21871
4355
26053
12736
11541
10433
18363
20017
5689
10747
7625
25169
21584
16635
5088
19425
16799
13917
10568
16875
74
6265
25394
10739
1926
6243
25943
20023
11438
4226
8128
13469
18580
6177
7911
13955
7883
5393
21176
8279
23123
18255
19164
24386
19769
25481
23411
17942
7199
20650
8895
5967
1452
2803
3024
13507
18205
20080
10525
711
22052
10434
23846
1502
869
16759
20177
3910
4198
13626
19131
2367
949
6540
9820
6455
5024
6773
20444
11513
3299
22431
18435
20511
4057
19569
18416
20603
21159
18180
23965
4970
23447
21543
23989
22545
2971
6171
21010
15451
26255
4887
7316
21979
20128
2783
5077
5061
8236
10169
26124
1110
3535
1597
18952
16887
22606
17287
5429
8101
9947
3672
20678
2834
10926
19422
25149
10702
5434
23651
8895
16573
4940
18410
1689
24583
25937
9358
3970
1747
4704
18743
13105
15995
1066
22390
6935
16037
12886
11477
7374
1301
18573
23961
13501
26355
25549
104
8847
15836
2281
15099
5977
22329
25604
24699
10998
15367
1292
6405
20383
6522
18898
17344
1451
1838
26879
15548
9537
8207
18717
2418
10406
12112
10373
20863
17611
18173
26671
25843
24000
1704
25121
1874
23282
20211
5392
26002
23441
26430
16594
1663
19136
6985
12487
7749
1428
23570
11749
2822
23158
19782
15959
10507
14542
7479
15709
9884
19673
17024
5576
25143
5093
3776
17959
13126
1920
7919
729
17749
1948
15456
7264
19701
17196
16008
12315
24316
5020
16892
16557
17334
509
4770
11882
308
22876
13926
12903
21128
25867
11704
1014
13703
16457
10200
18742
23601
6898
17319
17652
12448
21106
2400
25945
21626
5622
6549
6904
19187
26780
11073
22436
19627
11044
3977
15522
4803
13995
20610
16671
845
23092
25967
4121
12812
7951
10822
25959
6951
9496
6019
15379
14249
5412
20331
19559
25974
6658
24995
7091
15719
10250
8293
16666
19617
3358
13383
12561
23282
893
23745
7127
1424
25148
12767
26737
6768
16993
15315
20455
7392
25140
11288
314
25248
2116
17073
85
12391
25394
12193
21289
14589
24600
20353
8527
14663
20560
20499
16153
7825
20250
26427
6206
22694
5383
3929
20927
16972
9401
19963
13722
21072
1434
22547
14642
13676
21890
14662
25208
18542
10302
24687
8110
19024
3190
16216
24230
13624
10301
6996
6907
24559
20453
18186
6289
25656
26859
17802
8075
10474
22616
847
13100
1177
9635
2390
15405
2684
13137
8837
23151
1922
15803
9013
8126
18016
11886
10537
20481
25026
20140
6079
11274
22941
2267
1368
3309
26924
6396
12640
10019
13531
1141
10109
11220
676
12855
9282
8392
14632
22501
20807
14537
4363
1756
9863
20144
19916
25605
23853
11872
22598
21214
15747
12837
22885
13155
963
18039
7933
20383
25854
20596
26579
6152
21993
15142
25661
5646
6285
829
7504
7664
17183
9933
15456
21519
19413
8234
1577
23119
10202
8134
6337
2185
12074
21661
9146
16011
1881
9725
975
9982
6251
21010
12596
22169
15749
14334
11395
5422
13323
11528
498
19233
22384
3767
5291
25984
25701
19005
26775
14239
25511
24556
20270
12792
20132
13952
22911
952
13070
24499
21771
3274
21448
25742
1007
2351
24415
9112
3592
26770
13080
26323
10465
11898
9336
26861
3295
23235
24249
2617
11613
11845
8559
19644
14220
25523
2176
4258
25283
11367
12475
19719
4242
26042
23315
20861
9465
21673
15455
25299
9566
5303
9514
5869
4586
6734
9399
18164
9716
2545
5646
23534
13279
16385
4584
26382
18541
5898
1706
17746
205
19348
13354
19396
25860
23234
4879
5110
11521
19984
18919
11825
1537
1805
18661
23432
14787
2161
915
9581
23009
213
24035
9236
312
14975
14350
21129
6278
21226
18348
1005
14349
18443
4795
24575
26638
4060
5035
17202
24773
14245
6921
5556
11626
9500
10858
6458
13155
4231
22616
12317
5702
25824
10471
14351
12112
19153
261
3243
21736
14867
7398
17726
13888
3717
10009
7099
25530
13508
8236
15012
17346
1791
12604
6358
2009
1489
4100
2815
6812
9383
3912
9315
7559
14920
12855
13508
11907
9857
11600
20512
6573
7871
3128
22295
13959
15550
13270
15517
23956
16133
25026
3217
931
22540
18028
6103
24393
16722
11407
4840
4901
2946
19584
23034
5491
2045
6222
5633
21023
15679
6073
15488
24918
17714
14451
841
22596
21129
15504
4063
12202
175
6930
16711
8810
21624
1760
21501
5194
26007
12546
25570
25858
13381
4411
17005
20560
6074
16035
26724
11917
24996
22486
10757
9790
15391
7845
14224
21623
12910
25668
5367
706
23873
3409
20447
21296
10351
21643
17819
9150
20904
8839
10756
3784
24519
25296
7748
3952
7462
451
2123
21012
536
3174
12489
3960
17177
21286
25541
10696
10579
11920
24957
11966
20737
25504
17154
7692
11750
14555
8900
11332
25489
3786
11561
24727
12629
14690
19408
4192
22401
23466
22012
3571
1874
26106
3224
5367
11038
4605
6378
21946
15584
2312
21386
17379
200
17112
18494
20058
5665
14121
6930
19160
7179
14414
18322
15680
12097
20100
12428
22219
2983
5906
1588
17736
5132
13146
25705
2059
19229
19237
21142
22434
24033
17392
9362
18951
5587
8893
4787
26816
12554
4139
25946
16253
1275
19180
4240
2129
21750
23948
23394
6193
321
20278
1984
6966
2262
2353
13125
18873
190
9197
15529
6459
19481
4727
4276
25678
429
9677
12333
24870
17143
3600
19417
8935
7745
15462
13654
18624
13240
22525
19147
7349
8823
24527
13473
23781
22714
17415
4594
23493
13465
19843
6183
6619
13917
2263
9101
1611
10671
19144
183
3630
7190
2473
4926
17758
10531
10882
6041
17062
6194
10568
15934
8628
19136
6790
18163
2654
19614
6641
22870
649
6202
2120
2074
26929
22300
6567
12220
17908
26484
2453
9486
7436
26600
13077
14812
16314
21278
3266
20039
13074
15137
10603
4209
17391
19510
24588
1770
9865
3020
15431
21645
3807
1832
12129
10844
9351
11269
26640
2776
25894
1351
13345
18534
14877
3233
9982
26311
14346
3636
23093
13596
22557
14954
15595
1860
24034
6858
1095
764
8506
7473
25144
21495
1873
21534
10136
22519
7719
11994
898
11711
10475
20138
12722
2792
23525
205
26551
5794
2952
2114
19033
7352
9277
16205
10470
8465
26173
6846
18266
24121
1374
13848
23068
7728
22281
22992
19764
21860
15337
13871
21531
24292
1374
6676
9510
8794
21476
14417
17821
23745
15344
5018
15228
1196
13389
23878
4620
24811
8119
13944
13176
24865
15867
24382
4438
8684
9845
19824
15592
16317
19338
17324
12399
14777
6094
24439
5004
10181
25653
18863
12125
16929
339
2875
26883
19017
3461
1580
18548
11080
9099
8178
25951
506
20608
7982
10843
16380
24334
975
3930
6490
15187
25166
3188
16052
25328
12721
17668
16155
6555
5756
26237
24660
13235
6418
11819
2420
14529
15352
23748
20101
26301
25327
24085
11518
26752
15433
20265
5161
18399
22654
17361
17722
8149
22762
7818
16365
11612
5071
6472
3919
18917
4163
13860
16017
15088
26353
19555
11176
18224
18333
20200
20669
8407
21387
7794
20495
11398
1398
17030
13974
23043
21735
7155
14529
12347
26113
8053
4803
19772
14460
17272
17666
26852
16255
12703
20881
26252
23844
1421
26662
25603
12775
19935
18445
12806
789
14838
155
7520
20458
7059
16257
3672
21538
15225
3079
17779
15661
25103
22465
1920
7377
12434
1511
6239
9382
11989
4694
15390
6770
7592
14982
5912
19894
18331
20884
10287
13530
5043
6731
22276
17276
9805
8565
12819
21903
896
22439
24546
3557
15523
10173
11972
17391
6845
13789
19160
18770
9787
15906
10452
14417
20808
12735
24069
9884
3239
24920
10863
12328
26925
322
3865
10681
18881
15575
10204
15512
20487
3724
3871
18008
11975
12156
17493
22056
976
24537
13172
24886
15785
1601
6860
11397
2277
18708
25028
26170
5654
10067
6131
21380
17254
26748
22768
14277
1239
20320
5948
21414
2067
17944
16507
21816
15587
26824
18211
763
25527
23437
18785
25591
24204
10173
1105
18337
22672
7187
17282
1487
24333
17340
20111
5210
25098
12021
26067
3611
20643
9052
14118
19995
21442
6432
17888
13527
386
5758
11683
26920
20795
12176
26254
11111
23153
7083
7766
10711
8415
19910
16621
1279
26108
7675
23432
23905
3300
1281
3510
24362
18313
138
14316
14317
21058
25349
9294
7987
11979
24562
14050
21370
14797
15867
24521
8232
24700
11364
20942
20345
16769
12871
1875
26339
5979
5764
8886
21396
26289
8390
6871
10457
6829
12887
9355
14450
21086
1267
24529
9121
3277
13767
10611
11247
13237
3136
23916
11431
13360
2314
10991
24074
22866
2850
9124
23030
17432
15082
12515
21131
21896
25733
14639
24994
21346
8799
24268
21621
7127
17183
13937
25974
8950
26034
497
17108
8233
4040
7332
19692
14571
13350
8066
10891
17100
630
12069
13199
26912
4007
11316
13596
10785
9475
9359
13140
18179
2810
13132
7352
13591
19428
20054
9674
4122
23789
13420
20675
22714
6790
17589
17191
4397
10567
21414
25741
24272
7778
25584
4156
24490
20144
11364
24039
14507
19617
16087
21908
5045
12034
6798
13657
15292
19215
1985
18225
7832
314
26979
1662
3771
16595
10514
24053
1018
20007
5871
561
9111
18672
14053
3237
24123
14888
14723
4438
16141
22444
19112
21775
17106
3515
12690
12859
17202
12058
10121
954
8713
9931
22132
2808
5142
13628
6136
9595
60
4132
21172
7784
4585
17017
25360
1543
3033
23563
11805
16446
3522
6696
24232
8490
25265
7649
13998
3890
14425
20969
16724
23714
8617
21812
7721
7668
18288
4377
12113
3969
21709
14761
17841
25756
5970
24857
23883
10267
5021
8132
22460
9353
6046
16530
21697
26769
18596
2089
17933
23550
19514
9443
18133
13875
18426
5526
9049
23674
1327
8266
5209
21639
11192
20271
3301
5905
20335
19386
24473
14552
3476
9406
11956
11007
12022
7673
7058
25160
16759
13220
19268
7124
21684
12665
21549
19950
15864
12369
23635
2766
21144
10429
11411
7030
21798
495
119
9915
23667
20476
4615
14332
12353
20447
3106
72
11132
12394
15909
10946
4599
19220
7351
3205
7608
20633
11843
10535
8060
25831
13039
21357
1842
20283
14837
7850
21442
19097
24206
3933
11163
2036
26191
20151
6602
13984
16282
6374
22764
19076
5008
4248
19230
1593
20330
18733
19478
4629
18869
12322
6124
15714
24533
1394
16974
18343
21615
2079
15832
25727
14474
22596
26239
466
10158
21612
23602
5956
23589
22166
13590
23277
4642
17167
23108
13525
9043
18775
10810
15120
1447
26482
9531
19557
17127
25893
22059
18445
11900
13772
5294
6438
14556
3646
6183
17664
3219
19221
20039
11072
667
12747
10615
22694
26847
21037
3365
13139
20993
21408
10861
21892
14579
1814
20350
1207
22967
13083
9387
5262
11116
18521
14952
5905
9381
26890
8371
10254
21446
12182
3504
26709
20556
26650
11143
6558
8247
1642
20756
16221
13659
9140
21958
8304
14362
21494
1136
20140
16513
23925
22102
13962
21522
17616
22970
11402
1049
10385
5332
848
24263
17290
25128
14710
15668
9250
10224
6431
1383
21761
9913
12736
17863
3252
3784
13757
12347
24718
13993
2554
26335
21867
17882
26914
11450
26731
8763
19650
11398
1582
21218
24385
10970
5824
6217
3630
1701
20756
3666
8624
941
9098
17203
11958
481
4952
26627
21733
8191
19807
13242
5209
18751
25050
17716
2670
16976
470
12061
18270
1521
23920
6622
776
2509
21803
24132
22450
23350
20355
14651
10552
5781
10955
3581
23769
5636
3573
24013
12853
4269
4577
4562
7792
9433
4285
23502
26761
3587
20906
10237
21808
3934
5769
18679
11551
8370
4520
1791
7893
13788
20982
25239
22722
14941
23946
13501
7502
1243
6881
2516
18412
6418
13024
4315
24524
21179
8585
1622
26907
24248
12090
14126
19779
279
17724
10531
4670
16558
14711
25235
22075
11046
9071
20083
17875
14807
17696
898
16929
25725
19582
9143
19946
8511
1767
11065
24295
24996
17098
26032
22778
26107
3855
21161
20367
24669
16074
14262
13243
7194
8396
15346
19824
3784
26498
21934
2309
10776
19878
6188
2202
22461
21227
19443
16382
17747
8703
14653
21573
2208
3688
17092
7953
23339
4797
11184
17121
23228
24465
22116
11104
12289
26149
26566
6358
18416
24328
4907
17096
9111
10436
25228
5773
19426
8584
20149
23776
9087
3581
2656
16054
12565
13885
22432
691
21846
9741
2267
15883
3817
26485
20305
24507
18398
4044
2090
10523
15903
4812
6864
22490
5870
2625
19000
17554
16255
24915
12106
6151
16267
9703
9480
11752
13817
20181
26600
13576
20258
13137
50
17253
19902
21924
21201
24223
18367
25123
7498
25292
23921
3558
13710
15434
23412
9038
4814
3634
22060
1508
16753
12408
6557
16196
11479
8531
23123
18793
15257
17432
7638
16297
7021
20611
490
5219
15316
8459
21922
16726
935
3238
10394
22443
4617
10931
26521
25337
21500
12210
5328
4145
23512
12769
1680
16084
1779
3664
12842
3257
22947
25567
13921
15239
15218
24456
22607
21194
18247
12687
3690
15403
7781
25304
16680
1957
9252
17674
9878
16685
23742
15432
4984
7835
8862
10292
24421
23832
25493
1475
4776
2215
15644
9945
13642
19066
16235
14492
3200
4565
25489
5665
1135
20312
18765
10606
1944
9155
13741
12880
10852
10740
19405
25667
17586
25733
22146
7225
20874
6482
17284
8005
10475
15529
5894
26300
9803
13743
24118
2404
22543
6834
833
13470
10774
12616
7410
23982
19266
24206
25125
4815
11278
24065
22396
580
14365
3982
6895
17910
20188
4327
13235
25530
6759
10822
24104
6441
7997
23373
25625
4322
21096
24279
16675
11462
23703
24825
11958
24390
4399
25186
8962
2316
20718
11956
13629
7965
22301
13861
24112
5160
23857
5976
13175
20627
7932
23474
5785
4705
20706
9618
8116
18707
25696
10208
22539
10151
24691
11131
10128
930
4377
9456
5772
12591
21495
20551
19132
689
15244
10848
3847
167
20499
4568
18677
14639
21401
25276
501
4812
16676
348
4304
26520
23927
13948
24628
4833
1282
20641
4547
18689
12270
4781
11931
10475
5093
12299
12138
6660
16073
1899
2591
3478
236
22669
18175
7654
19105
25722
26364
26026
23955
7626
17257
14376
19230
23423
22897
24449
3482
18465
7827
25234
21626
6485
14898
20026
26609
2510
24576
2525
22368
24899
22959
10163
2875
3111
2972
21436
13209
24906
13433
24773
25811
23820
22820
17877
1331
20506
35
20569
10169
24955
17773
21318
25683
3830
12569
3526
1176
24228
17612
1108
2301
3683
5282
89
15081
9190
7118
15291
12758
18092
22093
24761
19335
19583
2592
9244
2451
18365
19913
24628
25179
15096
4957
2946
24111
17818
10243
10602
11756
22287
26925
3285
16363
1955
5277
26229
1312
8439
23239
4577
14031
14981
23810
20723
10694
9423
21998
19922
2111
1689
25286
23426
24685
7916
6263
19140
12917
20953
14273
10745
10999
8118
12558
20564
12201
4569
24467
14029
1509
10586
26370
15085
20537
25977
16450
4687
8426
833
24359
16901
20030
24086
11854
20722
6007
18621
16091
13394
17981
12821
23127
21118
9755
11425
13626
20425
24033
2657
14108
24360
14175
23839
4019
18658
6464
18252
22118
26601
10292
23269
16097
20063
23952
18251
14345
9032
10815
4211
6647
6590
23441
7961
24081
755
12581
22635
9394
2811
685
22169
1881
4142
3413
16674
24140
26782
2041
5271
13665
6437
16685
8012
18787
20911
4298
8798
19331
222
12306
19855
22535
9422
21914
13314
5653
5791
873
20886
15077
2230
4814
11809
24960
1085
17054
2348
4717
5663
12129
23085
20109
21599
21558
13366
21728
18841
23749
15821
11967
21657
11184
15598
8695
10455
5866
3334
13491
26386
21223
17640
6480
10784
19682
11826
11386
16388
8960
21187
19556
15232
14093
16641
4620
25197
3322
22701
7280
3299
17782
6938
12843
12664
658
26561
9123
26286
14260
14757
23464
10769
26121
21473
10330
15681
2394
5613
1185
13340
9311
3164
11121
22937
2638
26350
1209
24538
22600
24802
16030
25145
11023
9460
14564
21074
7955
23124
9742
14301
25730
5982
24269
21878
25092
25748
23311
10224
18605
21809
25363
4796
24619
19961
2177
8978
11850
8620
20493
26669
15612
13440
16938
18998
24964
1213
18068
24902
15341
13942
11418
10308
12290
16584
3823
12579
1350
22407
9215
9803
15928
15351
16435
12485
9643
2095
23257
15942
7342
16298
23109
22256
13679
25304
20304
13802
6031
16403
17349
5777
3501
11624
14499
21462
25432
8160
19
3761
7526
477
3530
9287
23571
21758
14871
6025
24332
438
9325
26282
9021
6639
19207
15303
17376
7871
5745
12143
17377
20831
11854
23730
10950
23191
24541
25597
2998
18431
12870
1471
4427
6972
11250
8286
15648
20252
17357
17858
3950
12791
5155
10839
19744
17466
25577
16533
16534
8642
24552
16584
12315
22332
19736
21075
16473
4559
16171
3032
11807
19862
5846
4233
24439
8282
20982
6589
17895
17966
201
2662
574
8829
14625
11221
10070
25521
932
18693
20583
24597
18628
2344
25976
13947
24912
8070
16271
9830
3627
24569
2910
1572
11810
923
6866
21887
26513
10983
10096
20447
9113
14386
9997
1647
20878
3659
24220
18359
16823
21654
9395
20732
9332
781
8273
20802
8452
24262
24052
4941
23353
15950
1877
19975
17663
15583
13872
17587
3466
18227
6767
5594
9764
20611
9449
1596
7410
17512
25592
5669
16048
2169
6388
11340
17489
15071
17123
15722
10685
23886
20459
548
3257
10594
16603
15893
22099
1185
9240
2031
8287
6003
3235
11245
6715
15669
9279
24027
15030
3828
26544
13512
4321
19675
24421
16632
17263
7002
10215
26995
1619
15174
3213
19475
11703
13385
26612
25403
18500
12228
14081
18390
1920
7073
20388
12618
7200
22138
5221
9737
14021
6246
5803
5661
11739
11129
5350
1624
24007
8637
7990
14621
25475
21974
22502
21126
18767
11899
9315
6383
23521
3064
22101
22881
962
18715
25706
497
4310
11465
4579
25222
8544
20052
17957
16629
16315
7542
9584
7962
3421
1620
17648
10618
21656
18901
8293
24145
14608
11614
14065
7799
13068
20868
16981
18564
6195
23866
23033
191
20781
4258
4851
16374
21975
16104
16879
1299
2683
12768
14107
7425
925
20250
3212
14648
25709
8484
15393
8357
2218
2660
10765
3196
25610
13507
1675
19050
14280
26820
18932
12080
18226
4717
14535
8358
10338
8057
13833
22228
5610
1686
8259
4702
18770
22045
7858
21159
20753
2086
8157
15670
20556
415
17458
8947
22634
13012
19776
4166
13030
3210
25379
3188
23006
11368
25978
19984
17548
15078
19449
1598
24586
3568
16082
26680
12869
25972
11395
19773
20863
18688
16518
21299
16413
19887
25849
26826
3621
5622
1821
25355
12489
5300
9668
12264
18682
6732
8273
25052
16102
22508
26215
24880
4993
25
8773
25833
16229
1635
5247
25992
2713
8703
3093
5222
15842
24591
12462
22639
10732
5776
15712
3187
1307
4531
13318
8478
24731
12960
11249
21179
24174
18221
12214
4108
5630
18823
16770
5182
21318
24516
11595
1900
8786
21902
25420
16956
10930
16173
2874
5613
2369
6765
13894
281
14058
22484
21764
15102
13542
10018
10748
4813
14387
7139
19146
15787
4230
10031
9796
132
18288
22148
2158
14871
18479
24872
17065
18311
21481
16875
432
21389
11912
25480
5104
24472
4626
9402
497
17891
5894
8258
17879
13820
16312
15115
18666
12091
10915
18971
2871
7427
24629
19588
17318
21123
21171
2881
4778
19474
4478
26865
16595
19118
12458
23647
10987
10680
23534
4605
21278
25266
15446
5274
5711
26081
9824
19658
10828
3157
16190
19536
13707
19772
25286
12358
24275
8050
11159
375
20731
26265
22705
22995
8403
21137
16393
15061
7148
20464
6993
16871
22264
24870
6546
10956
25477
7175
4104
22773
20911
14354
1038
13044
16248
6982
6661
542
24304
20371
3016
5617
4848
7088
7615
15074
7502
4289
26262
26664
24486
10169
4577
19269
19156
2935
10762
10762
4750
6256
18845
10334
22474
4424
23101
11984
20567
14704
4442
3523
24704
20888
20645
13498
12769
2908
22190
6927
9744
9923
5258
6279
11629
9671
10505
5045
6849
2958
11384
2216
16497
23964
364
1841
12980
4266
15461
3352
14364
2044
4232
24233
22567
9249
19649
1098
23912
23906
7504
21005
4680
834
9784
5024
19784
16727
25399
14572
3115
1713
7282
15273
514
18808
7268
24253
907
15866
3429
24960
751
21928
20696
10996
3536
10775
20396
8219
2523
22112
22292
20050
23117
26577
24694
7812
4042
14161
23626
18665
20786
19256
18322
8861
6298
13047
14900
17537
20934
19363
15000
16738
21800
24601
2672
11354
22954
18613
12326
9328
8756
17822
25623
5113
25180
17553
4631
3219
15095
19012
25239
2351
5330
23588
23086
12141
1770
11346
18489
22298
13206
15643
4262
10940
10868
8069
4599
2302
26721
11773
18387
13027
26115
11111
2664
4944
3070
16545
5229
2539
1100
6706
5284
8343
7142
19938
19440
11357
13234
22598
19892
1465
17875
12473
5095
25754
9857
9950
21648
17212
25098
9005
21519
23543
20386
23629
26982
13416
24772
2448
24322
19558
9090
2204
25215
2083
1731
12266
12575
23939
9533
14000
21471
11865
26546
17077
3318
11248
18214
7968
25266
17127
2168
15403
7972
2133
6285
13892
26225
22452
22427
23462
6355
7128
5649
3299
25460
18871
5381
584
20992
3597
16595
22733
24042
1045
21739
3908
17746
2882
5640
11160
20946
12668
16056
15267
11725
8813
3465
10121
25109
23904
2137
25797
19085
2632
19628
3550
1847
4953
819
926
10713
26133
24094
5507
7130
4827
2730
5295
14022
19179
18182
21003
3381
3043
16788
17545
999
19184
525
3420
6277
3764
9357
8963
172
8186
4373
4020
11511
14039
18610
6551
23173
13882
6341
2822
25783
10116
12049
18090
21485
21581
26157
8328
12087
23972
23609
8953
21187
17798
22860
1483
23561
17911
10084
12236
252
8999
4226
3897
5549
26617
2074
1939
10413
10595
24294
25819
25722
1201
9603
17322
22541
2894
20556
25436
2284
6920
17515
14301
5408
979
12831
1595
8215
5879
2683
11398
3844
16868
18310
16855
26043
25871
10921
11704
9160
5405
6586
2656
21546
26047
3179
14473
14017
14294
3236
16338
16913
13580
13607
15998
12106
26995
4379
21699
3400
3485
8383
4369
12750
21705
15645
14749
21601
8226
18199
1812
10700
19618
21926
19427
26300
7573
12305
24710
21162
25826
26388
4141
13668
24653
22350
5411
26723
12893
11466
17163
17897
17706
1375
10213
9636
1193
23446
10412
9048
20707
25800
5895
26185
1824
20696
917
4656
15742
12274
16783
15009
14775
13826
8975
22978
19751
24430
2254
25972
18436
24424
12022
12178
18216
18339
3917
7839
14416
13839
12166
22290
9910
7697
25785
21004
6006
6212
2121
6932
26223
16856
26038
19359
24831
12175
1531
1080
5184
5769
23326
11300
1444
13580
5188
8567
4686
7582
8019
25855
13485
5769
7363
7472
20077
9331
14678
11658
19019
11921
18860
815
17832
2543
26083
24229
12182
9535
131
5809
17553
10831
2165
1907
2183
11122
6832
19355
7753
25999
16559
21005
8500
25832
11648
2522
14129
102
18698
25441
18506
4906
10239
10934
159
24472
19842
23342
21716
11376
409
11060
2032
6472
18687
14166
1227
22665
14358
14102
7154
24034
10318
25952
12988
7087
4104
6161
13319
23290
16885
9276
3730
8715
9921
15271
5584
20404
26778
25962
25284
2799
18014
13409
7046
24763
21673
20843
19073
16960
21118
12476
20117
25491
26539
18459
5557
3415
17350
2261
22812
21079
13397
5286
26161
12025
726
24114
12796
8360
15658
5007
23856
229
795
9100
8164
8506
10236
23837
3063
23115
11605
25616
13530
26971
22182
8981
10799
4716
6480
25174
1728
14555
20658
9575
23452
884
26154
12075
21548
25859
21129
15919
22083
8671
18888
15946
25161
12000
23372
16580
16929
18978
13609
4702
18569
12434
21598
11394
10355
12665
25508
24115
4947
17491
16294
25919
18221
21855
15394
2144
8227
16954
4927
24322
17780
20858
3263
21867
23332
12492
15099
21550
26859
13682
25240
4214
7184
5368
728
11606
10513
26136
9578
9606
19000
3157
23817
611
14031
24472
14685
1198
13353
18982
18126
6982
16822
19329
24039
6344
17794
19656
1852
24142
17984
7291
13319
18941
26797
13811
1509
26278
13229
4779
13307
13513
19869
16048
13821
11764
2273
16916
6778
18603
10989
21640
8281
17624
26888
26613
26001
6641
24760
21335
13750
13562
6958
21072
26666
4931
5679
22541
22254
25477
3777
9293
18555
19011
16072
4488
16244
10232
24640
26694
10547
19911
1917
24410
10948
14457
1979
1771
21532
16361
24725
18796
918
22002
22756
9803
10547
4544
7012
25895
4036
7589
22787
9062
7477
23212
22602
10285
9510
3046
2187
5559
15548
5033
8652
25861
2763
25790
26734
6622
2861
7326
11475
22062
16333
10143
9414
18734
11784
6429
2023
22393
25050
5362
1250
9066
14772
3213
11598
16068
21992
10147
25477
18884
5985
53
8611
14593
26615
16621
26732
12583
4786
20886
267
2990
3496
21359
21911
15875
12820
16080
6770
14003
18484
6372
20519
12255
15876
8784
18106
18877
6128
178
23957
8469
9990
21341
21250
20565
15967
5903
12933
11512
23407
24675
1833
25186
1285
12256
17532
9087
21207
10155
26434
835
6084
24458
3049
11495
22936
18193
14643
1165
14201
1925
21916
15782
12610
8768
12800
16056
21035
11568
22831
18422
2794
20872
15711
17258
23680
11822
6241
19420
1632
12365
6757
10984
24169
19801
3655
14947
15904
9209
7385
19801
12180
9271
18282
11768
17099
22980
20853
6739
5657
8734
23719
16810
6884
5106
14559
20186
4868
19924
6048
9514
4556
1161
7145
10781
8877
24936
208
381
21719
25790
3276
16480
14199
24994
20520
8779
19440
19220
16022
25847
7730
19532
5018
16609
24809
16718
17787
4082
18722
8369
8012
22899
11400
20997
20269
2191
24567
22225
2785
3797
21271
651
5847
6978
21586
10875
201
15588
6463
16930
26927
7562
9995
26638
22888
26084
22691
14656
14167
507
21467
297
453
7624
24925
12762
11312
655
4745
10870
3783
26969
23538
8623
3525
3491
21815
446
11332
24943
1890
17046
24451
19811
1333
4461
12447
17060
25512
10106
17872
3739
16281
6495
24958
7792
21525
7623
1002
3371
26755
6231
1599
15592
12468
9374
26093
22487
13362
23037
25458
13663
22886
19847
15845
4896
10516
8491
21497
3784
4862
10458
17297
7455
10041
4731
3646
13250
1618
13996
13687
15445
17149
19539
24644
25408
14006
24328
18061
19254
16472
17585
14483
22821
24696
22307
7275
9812
1175
9406
1921
6389
16399
15953
17194
417
5203
11786
5600
1520
8703
22701
5776
22970
14804
13174
2703
23686
14690
24884
17776
25543
11313
5387
983
13620
6048
18671
3006
18674
26346
412
11946
13796
25852
16627
18537
22783
20370
9406
20357
11308
7200
23946
4372
2904
16014
6943
14763
18059
18710
23367
19699
19282
21479
24710
9109
19357
13706
16967
5781
10766
15327
18954
839
4307
26688
23362
5220
22666
14770
17849
15018
21111
4887
22247
23087
21103
13899
15406
16345
3573
7843
26422
20433
3640
8783
14442
22283
4
18490
9511
16144
16520
3196
8340
7792
24925
6414
376
1286
4511
10644
9635
1714
12277
20747
17883
20064
2568
13540
20603
5348
2287
18108
11082
20288
18235
17060
3115
9887
1384
24207
16273
9983
5917
3526
13596
12022
26669
9413
7923
16757
15288
15460
4907
23967
18427
26775
14
15307
15294
18381
3636
7921
14404
15028
10596
12680
24286
12514
17697
12816
21606
6684
450
6535
14072
26354
20577
6638
26750
4303
17780
23802
23223
1643
15632
6485
11863
25738
18734
5287
14123
9975
13751
21643
1978
20412
20207
3128
4814
16882
23240
16536
18284
11372
19937
25544
2393
18171
1202
13718
25583
7092
4129
199
2686
14469
22893
16206
23933
22804
17567
22514
25366
21649
5186
7333
22973
23147
13712
9720
5901
12241
24253
5129
6385
23794
9661
20610
16359
3303
17715
26567
67
25761
19674
814
3611
4596
8352
21851
17957
21003
10258
19337
11321
22305
10993
2322
240
26149
11335
3879
24795
1781
20366
25564
20695
25138
11403
26305
5332
4181
14125
18579
4638
1890
25671
1258
4603
14260
14286
22269
20296
17558
12799
21751
6819
17075
928
19600
1569
23569
15070
2521
21618
13565
14612
25155
7959
13252
26626
26233
25729
11531
20864
17583
6947
23055
25565
12210
10092
17675
8138
16040
22719
5059
26320
14151
18563
1195
6255
4601
23989
3690
17079
25205
16724
19544
8530
19780
3436
25103
370
8771
6427
26145
18419
15311
22633
16494
24880
424
14172
1109
25695
12079
2545
11883
11010
1033
22621
25306
4520
5905
20819
17649
6695
4438
25146
13783
10325
22746
21571
9798
1261
1544
17150
20653
16761
23177
6769
22733
15073
26782
14659
9121
18712
2374
10982
21094
14850
6692
6280
5505
14823
1148
23569
22133
21052
23593
19280
18086
6269
19291
23584
15787
20067
8588
1668
19181
20516
215
22014
1874
8424
2944
11388
13016
9102
3089
20278
5870
20146
12424
275
13851
21005
5943
11717
21814
2806
1592
14395
18373
13283
6092
26069
12737
6218
3508
12922
17619
8658
13303
18659
7913
6867
941
17439
20523
1784
194
10518
15313
21957
1016
20246
5056
26120
16392
25776
18451
2653
12113
21806
9685
13943
17490
2144
3184
15926
26213
18410
21776
13879
23982
11177
3867
24466
25432
12514
1008
8925
9804
12169
5937
21658
10027
14321
4826
26572
4461
26496
21225
10549
22773
4679
21197
26075
21153
8527
26376
7614
25251
14875
150
26773
2760
10061
17620
2179
12593
8710
2606
13335
20505
9727
22358
14926
12061
21938
688
626
25085
10536
23615
13714
4818
26714
26133
24729
10061
3245
13646
18096
24620
25067
25703
9199
14907
16521
8004
10483
4214
17759
10969
24416
12260
24909
26017
7758
24504
21382
5059
25963
1413
16497
21319
3309
7087
25818
94
10779
6170
11037
19135
16764
11079
11157
22973
2051
22422
10877
10400
79
23008
21733
23381
24075
20422
17861
12605
3339
24185
6492
21432
20262
13127
23576
26642
25542
24921
14044
9801
1385
9250
14261
5711
1828
5692
5624
19519
22810
11851
7094
15441
20882
9263
706
10725
16973
15937
3345
13549
12032
21057
5761
14318
26650
10762
26114
16583
6056
11051
25708
21666
22200
15062
1388
11545
26886
1897
23141
2074
15977
21744
26634
21544
21983
2360
23384
13914
24950
3252
2611
26051
8930
8822
4536
18368
24365
25650
13833
7808
10141
696
18209
3908
18682
3050
23347
1543
3415
19962
15230
565
2968
23645
8928
17420
14860
16506
630
18258
16761
25746
17241
15135
9503
13334
10583
8594
14657
23103
23984
26813
12080
7082
7302
25863
21257
17816
9374
26457
23487
25292
3320
15068
8675
8625
26701
20540
7030
4691
24083
3185
19450
7082
5559
20664
5637
6686
15916
9022
3502
18705
10526
2518
22938
13755
24392
19080
13967
7783
23443
2849
23066
25317
25875
20275
25293
14855
6315
3759
16523
4284
6517
20462
23309
9948
3329
18162
19079
10497
8076
26758
14230
14282
3452
9852
22409
21376
439
19065
7246
25206
9865
15928
2899
26327
24825
22119
7585
13780
56
11536
6073
11595
12047
20627
17243
24905
6779
23833
26913
14965
8142
23677
13658
4553
13335
23727
10826
23995
6619
24366
7108
26889
25519
1710
9664
24365
7876
17575
18090
10499
18309
14677
6938
9314
10597
189
3197
855
1825
10897
2098
19670
17093
1057
24158
22659
16393
23761
26063
6168
2971
8404
16568
1992
21029
14142
9143
10335
11850
13718
24239
17286
11268
25669
9240
10696
7287
17886
24719
19480
471
22371
9306
2104
6317
24971
17562
2160
22261
18647
7970
24063
19857
418
10531
6851
7358
8618
16846
15218
10159
13309
23367
20809
8690
19610
10892
173
16875
247
8682
9001
17668
11563
17136
9555
11825
14785
15356
23627
24769
14546
655
18224
12144
8960
7780
20048
20530
25025
17214
21772
20819
1312
16971
3994
18980
4720
23457
15544
1820
4118
9411
8534
18594
3524
7544
8881
5169
3646
21699
5019
15146
7751
10277
4892
12457
17927
2311
782
12881
9347
483
17241
1186
6196
16991
1032
1491
25018
13481
14490
11037
5553
16327
23717
22938
12292
23459
5272
25859
4935
15850
20862
4973
17510
19817
6039
185
6243
10780
18115
8179
9710
19807
13388
7545
21280
15410
7701
3427
7604
20118
15705
1460
10127
21743
6059
17084
19497
11313
10561
5399
14028
7719
3383
19679
2686
9568
26693
15650
2315
7312
3117
24381
11336
15433
7390
20640
15486
22441
5288
24557
21655
22628
4893
24011
6914
19060
15054
12063
9772
22833
7454
14427
9345
21912
19626
18231
4459
3664
11183
14679
26099
17539
6601
4960
20239
20215
3455
9923
4477
24063
11936
10389
865
4681
18963
8395
21741
4910
24336
15254
9013
4066
6044
19162
11690
1108
2903
4723
8611
19295
15782
21863
24381
25171
25543
2673
7503
21493
7658
13834
14766
17627
10513
19566
22070
3474
16087
12470
3975
18890
4791
10742
8604
18212
9721
7466
8414
20917
22283
4392
8187
8098
19232
14460
15211
7673
15961
26726
9196
6975
8823
7444
16989
22907
809
3082
19384
5656
1256
26326
19115
19125
26899
9999
17306
7670
18793
6438
14447
8570
26574
2401
13912
439
9932
23499
17797
5189
22077
22734
19188
13172
3021
21657
6961
11677
20261
5978
20266
15742
2950
25201
21310
12265
23780
23422
8148
5213
10990
17937
12980
25733
8957
2537
526
25935
25025
12203
10181
19778
10156
1611
7442
2765
7912
15553
17665
11947
8906
10431
11859
18066
22813
3091
12082
5489
24050
13591
26338
6700
5928
13665
10653
23532
9904
20202
19390
17599
2069
15378
9692
21166
5630
26176
11835
1576
11952
12531
4955
15110
7312
12153
9140
25025
4662
181
23867
7477
6391
5539
1019
5130
11512
10305
25167
10215
7069
3660
1656
7721
9220
4342
734
23890
17440
22054
15936
8702
22521
19826
21177
12712
26766
3992
10016
26194
23987
10386
9063
21325
5024
16068
5549
17877
23943
18312
25249
522
26967
9191
18002
21226
12356
26151
9950
11303
15765
16342
2644
22229
15781
19904
9333
18441
8579
16859
18938
2247
8875
13796
4873
26979
20620
5100
21490
978
11076
5081
13071
17961
8849
8572
2714
23377
6201
7524
12731
6264
14567
11238
13798
21367
22389
4591
10200
15578
25408
10443
14753
26509
5528
4376
9320
191
4973
5599
11339
17265
24237
6815
25651
9380
16825
23980
20144
16134
6800
10234
20302
24971
14039
18162
9703
22398
7179
4689
5950
24119
26351
23642
3232
354
556
393
17214
13614
24929
4756
25558
10019
19717
9209
13649
5579
2950
16448
5524
12734
15378
5023
7070
13840
5623
24584
26800
19240
14660
25019
2438
9088
2374
24511
11429
3721
473
17051
3887
1726
5476
9435
6611
26153
9651
13628
13617
23718
1725
2129
24740
24999
6433
23229
26785
2490
9743
26069
26932
23906
18777
4219
20555
24931
5100
12724
5054
19093
20746
21830
9884
24889
20078
20309
15139
6635
20375
12292
7955
2861
7330
667
762
25620
21423
21121
16284
20726
479
23467
26019
4156
18306
20119
14064
13971
1434
9301
6312
26937
16688
9118
21186
18827
4982
17069
14793
1726
3092
11374
12406
20995
21451
9462
25079
2202
5141
25878
14928
13052
19284
26716
13961
11160
25485
16066
1223
7877
9961
3955
7072
6186
8237
1588
658
9746
17781
2749
17825
351
22681
8494
1240
24341
14202
5344
7089
8980
21480
18228
12707
20324
26273
18072
10959
8161
21521
25051
20192
11416
24503
24064
19582
7197
25465
18345
9895
15834
18863
1549
9783
22860
6597
23077
928
9990
877
14512
7887
5518
14052
6038
10169
1512
2212
17233
16638
16548
4408
9739
17126
5728
15403
7629
11957
15912
23318
1949
16441
5912
11462
13701
25410
14977
14033
20759
17556
12918
18070
23741
8768
12816
7025
5770
17090
10808
6661
23206
12996
26875
13362
9091
23651
228
20075
12971
12746
13775
17608
818
13881
3032
20841
22444
2801
7850
4292
19596
6366
111
384
21661
12096
26348
20361
21674
4138
115
25799
264
21119
15404
2813
12372
12452
26174
21460
11276
16862
25757
17869
20329
90
8124
26951
25552
21240
22768
14007
16746
7265
8983
18398
11557
17523
6520
8466
22423
17606
9149
10600
2218
5721
5752
10334
4215
12490
9589
17310
17159
407
13376
7138
10828
21407
21669
984
6770
14531
17370
13154
18731
2073
23457
11480
9976
11811
21778
2116
7099
5116
12773
5971
19881
17708
23374
13767
798
2906
19500
7312
5103
9315
13626
25469
1818
4375
3734
22510
6292
1163
19079
4936
6933
8007
12314
13208
26094
3450
3856
15170
9521
3357
19742
23222
24045
16712
14903
18920
8900
16101
2735
16950
10887
3582
5250
6318
187
23792
8614
2555
1857
4212
23872
6549
21398
3564
2793
12825
20315
6985
22336
22366
20756
1435
3965
18917
9111
19327
1614
23145
21162
24233
23084
12590
25732
1025
17293
16978
11120
8866
11346
3550
6210
96
10078
25734
14179
18443
14278
2414
21139
15888
25995
3190
14117
19738
8193
14146
24008
7250
15082
9843
26988
3811
4779
5949
2890
22565
14007
15137
17708
11493
6807
5655
16182
18832
6423
10679
25895
2719
7337
12709
3841
24404
16255
23511
7106
15498
3373
14118
22468
18483
9275
9415
7495
26730
17383
11881
6957
24848
7227
5136
20789
15520
11139
4449
22046
22146
18155
16505
24082
16852
9992
25724
5666
26068
24991
16183
24896
5793
7112
14376
3615
18641
62
12797
9577
4300
18928
737
10734
16371
25661
8812
9391
9984
16485
20866
23783
17739
26937
9702
22203
26031
7918
4653
1943
4001
26008
11808
16993
21632
17475
22731
14913
26247
445
13254
11487
21043
15644
17491
10505
20343
17438
21032
15870
8135
25000
20820
2962
10490
11299
8182
16806
13211
8380
22667
3326
17331
13781
12704
6258
22000
10819
15622
20987
3820
22033
16421
6829
14222
12861
8614
2565
2989
1824
5654
24230
26942
11852
20292
19965
14819
17103
13997
13317
22118
26095
10013
1038
5595
80
13342
14878
3279
11998
13274
760
25752
13893
18664
16517
22389
4567
6173
9344
16561
24776
13970
20444
25157
5303
12393
1435
603
12624
4428
26068
4033
16629
16623
10112
22788
21360
3506
6756
13415
5504
9756
10779
6616
2924
16583
13816
1717
2655
2199
4668
12536
1089
5990
16987
25480
10601
7560
19167
3098
15054
19891
11942
2034
5955
22307
12806
16305
17158
13633
19309
26943
3618
5399
12342
18087
18927
26154
3909
25669
19826
18882
4358
16015
8177
20208
7138
16469
5704
15929
5041
3445
451
22427
16802
17721
20658
9878
10640
933
22676
25490
13845
3707
12643
3521
4921
11485
21119
25240
17792
17923
19985
11889
12798
24903
13429
22991
23623
1394
17858
6836
16866
22404
4104
2177
11911
3883
17424
23467
21981
24788
11259
1598
3593
16978
26461
16639
3712
9249
15628
6282
23481
26197
22427
9800
7975
2397
4086
26712
21793
2821
4715
5138
14370
965
21168
3078
7947
26576
10692
8232
11652
18966
11431
18722
21311
2899
8510
18781
3058
14915
3958
9434
6168
18042
18605
4214
8515
15452
20449
2758
12752
8671
7074
15423
8127
9987
18434
8607
14460
23476
21895
23688
6734
7274
3637
14521
23536
22031
24051
655
390
24182
10494
15197
311
2164
19838
2571
14607
22556
10114
20411
6301
3660
18619
26801
20017
15253
1403
145
8723
10108
18588
21058
15086
14598
4949
16773
24469
9701
22960
9227
23368
19153
20235
3501
5022
9432
6974
20545
17784
8698
4879
11742
4053
24562
25584
26795
7171
26334
11679
11088
4405
2123
14136
15813
25673
9643
26319
2329
16574
19891
24299
8329
26046
25371
1639
4596
25234
24830
23122
7701
7575
836
25419
19440
2389
23635
10038
4254
11274
15697
18239
10802
12003
2883
7345
9849
15089
2199
1323
2401
305
5963
23775
16602
23248
26418
26271
25004
22388
6940
4317
22399
2737
11670
18147
26828
24507
22215
7317
19950
11994
2713
23138
24612
7887
26055
18458
25349
20185
1274
19167
6661
22032
15914
20343
8484
2202
8076
9001
13546
11757
8379
12098
24166
11402
14588
6743
25144
7225
15556
20625
21674
16930
2046
3670
23229
15163
4534
12407
18624
15899
2047
10040
9399
3171
19221
14877
23858
19144
25072
21916
3197
18532
6121
1523
20471
7903
47
19311
11295
4570
8539
23295
22426
11620
11330
7949
11165
16153
4059
14239
11732
12267
9688
10050
2975
9458
23674
14016
14036
25644
5644
6905
2353
6495
16848
7726
19093
20053
15830
2643
9404
22684
11460
4922
15744
24368
19178
8252
7082
3635
26675
24537
21175
19777
15505
16543
8599
11660
24518
25505
1414
685
9189
7769
10262
12122
17325
17533
8315
23869
10456
24043
12121
19223
2487
25112
3980
25576
5133
14596
10410
4444
