25628
26008
19
9721
7545
10828
18951
22336
17090
17458
3863
1057
16634
25843
10141
6616
21109
17143
8
7913
25929
10595
2958
8127
16718
18603
1539
12246
7419
7783
17792
4879
611
8236
25700
506
10964
10769
2608
13848
2653
4242
22436
5869
14256
4226
21981
16971
25824
798
26643
14272
7827
6409
18363
4129
22881
19017
17125
8210
25927
2881
10593
26113
16472
14330
14249
1857
13002
3043
548
17300
4565
10843
7826
11627
14098
6846
6903
22185
19407
23123
25171
7024
26550
24518
2167
14125
21159
12003
1089
15897
7918
7287
5771
16034
3266
13142
6456
8491
18551
23980
26967
24248
2312
14579
21544
13252
12881
13314
10887
24390
20753
19880
4431
7112
12021
7543
8360
5917
976
19000
796
25180
5041
8340
19782
6251
5992
19066
9500
6059
6196
4601
2523
2044
9475
19569
1521
3683
8576
15668
12006
15522
11612
9242
14065
17334
17627
6458
3530
11946
16037
16708
4553
2766
6586
4645
25511
8731
7604
21537
20330
8138
10950
954
26002
2273
2910
8176
26520
21806
5274
14022
23927
23446
22911
25656
26326
5726
19125
22991
21423
3723
5371
19019
11104
1925
6933
8579
25304
24041
4947
7609
20343
24811
11768
23141
4851
931
8415
11862
11322
10151
15804
10019
15592
26752
12131
11221
13303
11143
2
15781
25021
7670
19230
10208
20147
24507
25757
2322
1662
1017
21093
7326
25616
8802
15081
10525
7893
6432
21407
13741
17189
21709
23984
23009
15436
12790
7280
5415
16534
26311
5557
16144
5142
2935
26606
5549
7850
18235
15697
16507
3934
6002
6168
23866
3689
15912
18916
26712
16517
6940
5324
9293
14426
7719
1874
13353
5764
6783
24574
25052
10955
24051
23589
917
13369
11336
12270
24719
13820
4787
18823
18610
13643
16754
14890
17794
15434
15172
16429
1085
13817
24900
9708
446
15054
10338
21776
23350
1193
3106
21171
19857
26920
22783
20789
23148
25629
14793
25734
13708
21278
24583
14
4626
7975
5630
5119
3807
6807
9458
6692
22153
17325
8379
24457
23147
17716
14529
3819
26662
1920
4459
26577
11025
9699
25680
18311
10756
18666
11489
25552
12554
16155
23464
6558
15256
5572
12265
25653
1195
26627
4957
4680
21359
13402
26106
13562
25127
10760
20361
23666
15379
26969
2638
19124
4376
138
2835
9687
6555
90
21142
1202
14975
21460
9790
12220
24729
1580
24612
21473
11037
3224
9566
8839
2031
12799
7781
5728
12710
2758
18555
13825
18552
16315
16242
14770
1854
12328
3084
6195
2464
15074
651
5399
25527
8390
5516
9099
13292
18742
19450
23326
4848
26572
21218
25469
11704
19359
13802
19649
4778
12372
12093
6329
1327
13757
4554
2284
4104
12880
24903
21855
13277
3573
20476
22276
19821
19497
19409
24124
4586
13997
7199
25465
26824
4449
196
8266
4882
12581
16638
9743
22565
9813
26126
2946
5824
19338
15714
26782
1917
21612
3506
25251
21543
21325
14876
15517
14401
20453
11044
1013
26247
11909
9575
26780
19229
26813
12919
4138
2801
10936
4796
10158
565
1406
11275
2733
23717
25808
4086
5422
1310
3754
19060
18494
2299
5201
18594
19916
2730
7363
17159
17821
26051
7190
1489
19291
22461
13851
24825
15813
4215
10784
6277
17254
23629
20509
21956
12487
3115
24504
21736
20781
23955
7520
19480
10172
5594
2416
7784
809
6039
24982
561
15440
18175
3764
11749
8116
23228
10748
8287
10009
7814
1899
56
1841
20428
1019
11081
11854
2885
7611
1592
20383
22669
14567
13244
6889
7274
22014
22444
26282
20868
16545
16675
10976
6200
17612
26151
17287
10981
18483
15170
1008
19977
17485
22062
16145
6210
1884
21177
14686
23869
25591
14898
3212
4772
16746
7623
24430
24203
4077
691
11384
21993
22060
22099
15488
2494
1635
763
2067
1712
12765
22437
2713
26677
9236
25125
22812
23303
8395
2291
22539
4284
21631
7624
5795
10155
15139
22434
17998
2830
8895
24700
20185
10373
15067
25705
7877
12812
22596
5528
5258
12709
9849
4922
19869
22984
9618
2635
16879
7398
23537
10040
11864
8012
20949
3187
11531
23299
18419
1508
2059
6337
24035
19975
15393
2360
2562
12446
8186
19595
13718
15583
23727
9992
23688
6381
4405
9449
20486
23995
22054
23151
10644
13296
18624
15337
13071
20375
20138
25570
15669
10581
4567
4143
15388
22378
16806
22315
16797
1141
20564
7949
13924
1301
2983
16639
8370
5203
15378
26617
21134
15550
11931
4921
13301
2051
4653
26093
25679
18138
24795
16363
4266
11911
3026
24920
25943
20556
16548
26937
25608
10714
21802
4534
102
8750
293
21131
17582
21106
22486
23422
14888
16668
7890
24169
24761
12026
20927
1620
20053
11845
1873
7876
7940
2654
16195
23476
18743
6301
19610
11330
10780
11450
1455
14150
26971
4391
25812
25825
9387
25197
13917
3006
17776
6914
20117
2418
9716
24082
20808
4838
14355
5161
24094
20853
3526
11817
6177
10400
16040
375
5169
15346
9196
3596
2149
7911
19580
17001
14815
16729
13658
19809
22443
2702
10892
7138
5146
25112
24262
4204
8160
5702
19656
5086
25623
14416
5021
26766
3111
8698
13388
2799
16769
26706
22954
26539
4321
3452
7775
6433
14144
19674
16848
14402
3536
12408
11198
12769
16956
25157
1900
5138
22860
12080
15632
6830
7096
4658
25472
4862
14205
21626
1308
8637
20302
5673
18002
9895
9146
23550
14714
14504
20013
10518
19950
12867
9939
4821
18221
11898
22996
25136
3742
19892
16671
22602
19648
14659
26723
14656
26334
8756
18567
8993
19838
3865
18404
9913
12663
13210
22384
866
19348
20966
13952
11940
11238
5412
24533
7275
12800
13039
17183
7721
17619
11810
19773
25050
20455
3219
17490
26792
14602
22672
3655
13531
9374
26613
25722
6427
2735
6243
20537
2672
25188
20246
4518
19644
18430
25605
7074
10847
12470
12519
7894
4491
21020
3661
12579
3618
15588
5365
19417
4146
18563
21803
3213
18068
24287
835
21074
24911
1675
20493
14151
60
21335
20906
6686
2543
14662
7025
13934
3356
4686
9800
6092
17657
26714
10031
16506
432
18390
1944
26136
19413
12922
2857
15095
1118
26348
14903
18282
20007
6770
23792
23856
2055
7073
11385
18674
9830
14797
12624
16257
1098
2849
18173
4944
16744
9803
11900
3550
18422
11947
25972
12604
11487
3216
11629
14039
26081
19923
7187
20338
21679
2164
26191
9693
15680
10277
3930
8057
4233
18416
2350
20920
11176
23434
6993
2023
20539
2448
24392
12836
22389
19938
14277
3036
13845
14292
11865
2611
9338
20192
26609
22031
25858
20188
21771
25004
18613
13854
22540
11252
10957
16823
21643
26354
1948
18687
12347
22833
267
21790
26851
1384
24619
6768
21705
3637
1471
10679
3958
7229
26134
20665
6824
14220
15795
24052
9345
20505
18163
17745
25742
5141
13596
8506
8961
25748
15163
21730
21911
495
20858
26161
1145
12724
24499
15158
3739
24991
10159
10882
20997
834
17613
8424
22414
15642
25732
9276
2199
7955
26403
89
4892
25239
25161
22441
14767
18845
1424
17533
649
9470
15523
21161
17344
13961
12132
9562
7479
11886
14572
7618
9983
20128
19284
25797
21924
2480
18227
5277
4172
22978
7752
18066
25935
15761
16908
2527
10169
20807
1824
16403
25749
2673
25528
8131
5189
13070
2662
14812
17376
6638
10173
13123
25327
11994
5912
21644
185
8607
13101
22460
21227
25468
7342
5559
12182
16021
1593
19393
8915
3830
18678
17845
5811
18732
2487
3285
19184
20887
10959
26095
19514
18908
172
14490
19425
10713
8227
5045
10027
22676
855
9932
16892
21494
10680
1038
6864
1016
4408
5383
26701
9038
15821
9279
9845
2116
24766
23769
24772
13535
5088
18928
15403
17780
8831
21903
26551
5539
25107
5387
1227
25283
19167
9899
23127
21459
5374
18099
5023
15432
24571
1673
18878
19016
5136
1423
25138
11605
16895
13752
7128
3982
24731
23623
38
14907
3635
4490
16150
19028
15348
7108
23067
3358
5758
11495
25419
10181
15998
10580
11010
21907
17304
1331
25687
1619
963
8713
24269
13734
20359
13592
17079
14920
2644
4670
3088
9745
1297
21926
17816
390
20459
21513
4358
9755
1493
12513
5345
6590
21623
10747
7455
4082
689
8779
21935
25567
20320
1719
12816
25363
13270
18343
11741
19376
9744
23257
13250
2086
20487
9999
10878
22612
1726
14321
24955
23234
26744
3409
17808
2143
25575
364
10531
6731
15678
23407
1135
13485
915
6218
1875
7
11640
5367
6149
6185
14642
15441
12933
307
8321
2472
23789
2490
12871
18427
17724
17042
143
22519
21003
5574
10618
4689
18673
24292
10573
20602
22701
3887
22468
8500
485
7171
8348
16136
3949
24774
13126
10897
4212
21059
19082
26353
22762
4269
16497
17501
26335
17849
14685
22696
4750
25677
21282
26114
8126
2862
1483
13496
218
10700
8343
22970
10926
16810
13875
2968
9391
25669
925
13508
11358
6779
25371
16514
11288
14317
2884
26546
25875
20309
9084
20181
5238
18708
6905
22407
16334
6546
17691
795
16761
4803
25696
1607
16196
8515
25366
11606
16846
25265
8900
19136
26879
12032
10636
2904
6972
24939
9294
4113
2545
20718
5982
22191
11230
25097
18770
2393
14236
22368
20987
23373
4015
9531
8357
7600
26865
3232
26755
15963
10802
18096
13473
17938
2353
24334
26154
3320
1256
10762
1460
4815
26694
1531
23258
12806
16292
6374
15836
6241
21439
19024
24198
13399
16623
17092
19791
14926
11418
8083
6825
20039
24597
14230
23912
14663
23571
26365
11079
4619
23948
11157
22885
23916
5518
3021
20571
11513
7799
5840
7160
782
5633
20878
10065
20327
8076
3476
23781
19920
1639
19065
6124
16068
12201
6391
21624
21514
24064
21814
4949
7208
9496
12575
23037
17222
23872
22200
3070
11116
16008
26217
5569
4599
17365
18579
13280
3611
24466
18931
21609
11268
980
26256
19080
10401
5937
21571
23689
10292
4762
12526
18500
24383
941
25613
3580
21442
16271
12230
5348
3970
959
20888
22282
912
17694
865
12887
13798
22396
19828
16073
22797
21420
10021
17480
22682
5776
26462
2275
4108
17944
22634
22101
21128
10673
3691
22813
6278
18808
5295
7951
3082
311
20499
15096
11485
1018
21023
21495
4051
12154
26157
21673
17759
2179
22995
19132
2045
11899
7012
14126
18971
1959
781
6061
17587
21719
16584
17748
25852
23718
24794
25536
10940
11664
22291
19386
3164
7466
16822
9315
12348
20433
23525
23457
1207
22628
2394
16678
9244
2572
14167
2429
8887
5936
2404
19427
8005
26453
20600
17085
12393
21757
24382
14596
24999
1012
18564
5770
5967
14641
9634
18722
23295
4171
9220
5322
2047
15211
15665
16702
16297
12492
14417
25576
15967
10202
17545
15753
18106
3020
24212
13789
5229
21497
25128
3075
13350
4704
10984
13240
1793
6495
8060
6660
923
25431
7575
25961
12324
10452
26339
21214
8317
6580
3784
473
22000
16685
13682
13154
201
8079
15173
26883
26301
8862
7583
13208
17981
402
19658
2187
23389
22364
14894
14365
3064
18410
21217
762
4053
21895
25951
5032
15709
1598
23108
19924
11742
21832
11446
17539
21311
514
15937
23964
3715
6193
11611
18843
25174
15950
17353
4936
9306
17121
1852
5654
25864
10584
4584
979
19962
23277
17233
17456
348
7673
24393
6859
16726
15764
9001
4906
4394
7919
4240
14823
9143
21573
13921
14142
7411
6803
14006
19847
119
21414
4814
13146
1186
17284
17075
19738
22422
2196
15164
1803
23844
21800
6996
24867
7142
17869
18016
6706
7454
26419
8381
10389
10262
6317
17318
2077
6676
21210
12241
11867
16583
7887
15341
6878
25668
4042
24412
19937
18358
15149
13429
2806
11521
8407
11308
6589
2686
18689
10334
1897
13657
1077
25709
15711
1582
16521
13342
21250
18202
13358
18183
2856
22398
11551
12106
14460
19179
24872
15073
11968
23043
6867
16641
6891
4615
13307
6217
2177
13834
16473
25293
12445
9843
20329
23423
9887
13440
15722
10499
21750
17046
21794
6244
17099
8565
19468
9287
1177
3847
24111
23627
23645
9824
3033
19583
3602
24725
11429
21043
2069
20627
24943
20706
10386
24821
1267
11951
24651
23625
2765
22465
18381
10361
4556
1756
10317
30
10232
8466
409
6975
22616
5746
4397
15461
8511
24559
18290
24882
22158
20239
1385
9027
1050
9252
14546
10993
17777
25215
13243
12067
1614
9612
13106
22684
19366
15603
3582
12121
17948
14093
9511
6739
16069
14973
3420
16494
1611
10775
19363
13044
23066
15390
9997
20467
9671
2281
7295
24322
24936
18767
21451
4511
501
371
6570
21476
19295
8784
13144
7941
23937
14749
9263
18920
1258
26048
8344
17383
6358
7177
10239
16017
16563
173
3303
21540
14928
26046
12394
3482
962
2892
23156
19925
165
24101
24538
6969
5665
6264
4322
18632
229
19670
21914
21876
20425
22920
7822
16581
26471
1095
25778
20109
26787
9460
21902
16359
18888
17883
13926
25105
5368
14915
1100
21168
14982
26073
183
20054
17126
7011
6474
21153
2161
4036
22202
24336
5104
11512
3281
17781
17685
9066
26194
4926
17586
19198
23965
19891
19073
26942
19369
13077
6850
23521
25483
19181
3257
18193
5769
7089
4723
16415
8960
10109
12618
16799
19276
15030
18863
12894
10653
16435
18895
20640
8392
386
2643
3461
15405
1198
12951
12213
21552
13193
25016
246
16091
18541
17937
7282
17726
5173
12113
4061
11119
10137
16632
4868
20946
16216
26327
153
3200
11652
11796
9423
25489
5381
6641
10627
23347
13534
5020
1509
3929
24458
3890
21813
16536
26255
14302
23593
8025
21398
6819
2874
21223
18877
21103
13011
15114
18166
18399
4230
11269
17310
24228
16148
22166
7769
4076
15085
8888
17515
12797
22821
21299
7730
5329
751
22358
51
15269
20478
9865
19319
4145
6074
2342
12447
3910
17721
4258
7087
9034
12665
10325
18952
10243
18544
13888
213
24223
5291
11313
13609
13115
17051
308
22052
24629
16764
7389
14952
11458
10385
9204
7212
26115
21934
22545
676
7062
26495
12599
18777
6517
22056
19221
17357
11802
509
21431
26693
9580
2098
7883
7148
3371
25367
24286
20862
16916
10406
14154
7780
23680
15681
21546
6298
764
3352
2089
17786
23952
24711
23632
10034
23269
22502
12721
10200
20737
15548
4438
26197
13914
25937
10258
21888
16284
22261
20634
24886
18672
1715
23602
6280
25092
11619
20386
15749
6966
22394
25481
13722
1890
20162
21296
16859
21820
7421
19780
3712
19327
10038
23072
10465
24905
3469
3670
20981
11386
1025
9867
9720
10844
1419
24232
3400
10310
200
24486
190
17263
24752
6700
11545
15870
26031
6978
9829
13849
9945
25212
2533
25984
18733
21684
4638
14483
12292
5624
10475
2809
7246
24279
9962
14258
24516
10016
14172
15974
11140
26982
26761
14351
22870
6431
22404
2400
22900
12819
22426
12565
15005
19935
8763
10731
12058
6734
9406
17971
7016
24268
24405
1176
14224
10342
4181
15110
10956
5773
19026
22281
2417
12144
15785
19005
24385
4953
14127
20367
5006
23590
9567
26574
7925
3535
25974
10725
25544
16854
12558
12917
20283
14564
20977
12825
2027
20516
16676
1294
1161
9787
9049
20731
9948
477
16064
20271
21578
9852
25558
23185
22633
26664
8571
9074
13137
4141
17916
2344
4781
15099
14777
26794
23493
12156
20186
25028
6934
354
23777
25098
5188
6974
24178
21126
14354
1240
12424
7745
13125
4411
21974
8120
5765
22225
20122
18966
240
17493
20525
10991
8484
6215
25651
6151
10549
9395
11303
9661
6229
25113
10987
17575
23635
24524
4300
16392
23647
490
21599
24776
1522
4840
19333
16954
7002
7526
2036
15702
11563
10163
746
5906
13979
14679
2632
15257
14028
2906
10467
7615
7473
16298
4399
23124
11183
16868
12707
25334
23056
3786
14108
5503
18682
9739
25907
21851
16711
412
20551
8852
10785
1002
24562
8981
12210
9950
3326
2840
16666
15952
5095
17191
12680
25139
11276
13676
2471
1253
15658
22159
6048
18615
13470
25603
15486
16991
5663
12399
1475
3152
7059
26803
9102
13944
4827
11764
17196
25276
11065
9987
13882
3615
13065
24993
9111
25701
11373
1686
3855
20480
16384
5288
25592
22010
5640
5976
18955
14282
264
18236
25079
13362
22931
6696
19855
4695
13056
4369
7390
21775
9668
22764
6630
21471
12267
3381
5182
21744
21240
7119
20620
7811
13016
23086
4770
14693
2683
4745
4444
1134
21597
12141
24556
25140
26026
15253
4409
22733
13866
11003
4864
18147
4167
26001
6108
5800
16573
8490
12886
11423
15570
25708
25756
5812
11125
12476
26199
20345
13120
12022
20251
20534
14532
25577
16533
14816
21052
14543
19724
5103
22329
24237
8906
19390
26286
22229
20886
22778
312
7585
14690
20396
22734
16523
15541
2261
25503
23773
18133
13630
5645
5304
26789
21928
11493
8396
17276
10237
25109
19161
7281
1842
11354
708
5276
2555
26886
5653
16351
12153
6573
10684
21357
12514
15467
9209
8572
18710
20353
19584
17904
5491
22295
6384
7903
20907
20006
4276
7504
47
12687
2625
20023
12449
7157
7953
525
486
18785
4441
2770
5905
12734
14007
9989
18451
26921
25583
20040
7250
5977
14977
2591
7854
678
10787
3436
12448
9336
7661
15451
1014
14349
11588
22607
9486
2389
10272
21194
2137
13323
17858
11329
1914
23119
1092
6920
1544
35
4742
13507
25691
18470
24000
26273
4559
23805
22787
3157
2202
24539
21084
7608
25169
8259
26125
7118
24604
14521
15142
26888
25999
21697
14537
3249
25541
8328
17377
19337
23853
23985
17527
14855
4520
26381
4315
18028
2989
7524
11670
15294
6492
16025
23459
5132
15953
22893
22380
5553
21111
6804
9215
4020
24443
11750
5803
15824
8119
1955
10106
18548
14415
6282
1801
14588
18881
10
6214
5657
12143
215
893
4569
11972
24530
10579
635
159
3912
23683
322
25349
16557
24185
9358
26907
24465
18149
20802
3279
2293
1066
22826
18345
9606
13995
24472
4988
14875
19904
14262
9414
22423
10567
839
20786
20979
13868
26775
15787
15070
11475
271
2519
7692
12236
26075
22118
20884
23620
17017
24451
10745
1710
26069
5073
4159
19178
21137
5297
20969
20304
9275
22231
17802
1818
19135
11060
17708
26337
17127
8075
24416
21975
23374
20158
13027
17077
20111
2565
16913
3205
16852
6911
24365
20404
5282
3128
24328
5033
14552
17903
8282
16190
14619
26778
7179
13051
4887
3050
15990
23259
5949
23015
7970
2216
3800
10615
4818
21144
20618
17477
19759
5265
5284
13970
8652
2414
21086
23470
26099
21812
12203
13234
20017
18414
23158
23983
12429
15519
7200
19894
14332
3049
18596
13576
6152
15288
7991
4715
14245
17784
19353
18676
6938
10547
10443
19557
7345
13030
11397
17154
9558
19800
10739
22203
24145
2850
14370
22132
13826
25659
6199
10108
13099
19600
22077
22370
20709
20585
150
15578
445
13883
13861
16662
24473
7614
26544
23820
20761
14607
3032
4662
16585
9764
18186
15926
17370
8651
25206
13537
16371
19311
825
10934
2129
23315
6062
9456
14474
6246
6437
12069
8530
16976
19452
17351
8636
19144
14648
18042
19426
19183
7426
15088
24694
2087
7778
10563
24648
10330
25059
18226
16413
13211
15744
11691
16825
24909
19817
3672
2550
3664
8004
1375
5262
11205
926
11364
22116
3523
11460
4526
3587
6879
4629
18649
13648
2879
18194
25666
2491
16559
12255
14117
8380
10447
6658
25832
6756
17432
17405
19887
1784
12166
13680
7720
12462
24081
9302
24918
14826
11806
21606
799
12178
5116
18817
26252
22059
12490
17510
17200
6091
17489
15012
16035
1543
6985
25373
1647
16882
9344
12124
5106
16869
26721
20943
21067
21382
13796
21422
869
25436
14598
9199
11648
20611
19481
2764
20296
4731
12960
9928
10868
18458
26133
21699
18140
15782
25249
11684
13772
8414
16053
7069
10757
19679
17666
21187
6198
3761
18126
3920
12434
4478
26461
20085
17130
10706
3811
305
21114
17737
25296
1872
24704
26924
6921
10514
1779
25025
10671
12228
8157
7472
9876
2925
26385
20819
25379
9149
7070
23606
7835
23806
15356
10708
24689
13887
9579
658
3900
3889
21288
14873
655
9903
18913
15652
16454
16773
9091
6961
4544
497
14559
14386
24272
25564
18484
26043
18216
3197
176
25855
6932
19384
25962
2401
4383
18322
19272
3717
26364
24668
6023
4163
3543
1243
10681
14941
9271
14512
25014
9282
12664
7629
1452
16871
19392
13937
1939
20266
23857
3908
13231
18087
7671
10875
7385
19045
4317
12616
25893
11807
19232
5286
10490
11541
20403
14033
7029
3162
12531
13962
1713
1781
13100
23085
935
18698
4960
6414
131
3252
863
8187
6463
13317
14541
6790
12670
25284
26983
16314
21615
20200
13136
13670
11466
17424
8684
17969
11437
21681
16169
17746
18252
23979
26758
18039
6794
10815
26152
18665
19405
22298
21257
15137
6007
18398
8829
11745
22714
3680
18359
7091
18759
79
20275
3001
15143
14168
6003
19784
20064
14499
5584
517
23716
19717
20902
6767
20942
430
10523
16235
21772
25490
26531
17203
20555
8774
18705
3744
1220
15028
5870
10711
14078
7542
10765
17877
10654
24493
14254
3334
19500
19076
1353
466
12821
3952
8098
7309
17106
9667
8798
11746
26063
19237
7658
8783
1502
13501
6800
8137
3780
2571
15460
1447
157
22651
10742
7490
23466
667
16087
24467
24045
3391
6766
7557
15553
23483
16972
24818
21500
22947
4166
17340
25162
11194
12971
26663
21890
20265
5124
20458
19308
3977
20935
3534
8050
17558
12535
24123
3322
13703
3079
14711
23367
10084
14050
10694
10818
17054
25
11051
14442
25963
26801
25857
4691
26847
17984
17599
15254
26828
18118
25867
4500
1912
23677
2698
15865
814
618
10128
26638
9464
19207
11332
11498
3933
321
20610
22075
8833
25833
1200
13624
12260
17103
11056
5781
8124
21029
11958
23723
12591
17442
860
18775
5646
23656
25661
10078
1241
4812
15862
2090
18306
1520
4132
16082
26579
18927
23780
12181
25799
24830
16077
25323
16380
19188
4044
16282
4873
12326
8233
19180
18247
25945
4642
13712
26055
25266
25978
2367
9692
11129
12112
17096
15239
19442
3399
907
351
9191
20519
8352
14622
14900
13465
16901
23714
15909
16305
21654
13132
21548
23122
13391
894
4928
24341
20675
10996
18072
8252
8531
19420
15585
5271
14557
26890
26932
8234
23087
24957
11809
12349
2083
18490
1239
25706
26515
1597
9399
15315
1389
26601
9017
6743
13996
26671
11872
1921
20370
9884
23634
9995
4231
25604
12352
16520
11407
15009
11177
26032
3150
23117
9381
1618
18289
1632
16866
3557
3524
19443
14159
13433
23817
7589
6732
9160
6275
9461
483
14226
20613
26300
21387
10358
17668
13513
14763
3040
5059
1383
10696
424
4558
15942
454
4705
20570
19979
18782
18251
24065
7330
23776
24915
258
16083
19168
13360
4795
25512
1763
20339
1721
24144
1175
11784
17084
26083
16957
9124
7427
14653
9609
9737
9357
9048
20661
19870
5328
2740
19331
13175
25842
24788
26995
5791
2657
15518
26730
18998
17217
20548
18560
9353
17523
13174
25143
12722
20132
21789
20449
2009
15630
24500
15089
10915
24114
22182
11825
19823
10948
7582
12794
13420
1350
8132
18214
15628
13397
21207
7961
2568
16457
12640
2073
10096
12045
2079
16080
8179
18198
10848
17863
13416
72
19335
7272
23077
20270
17923
7503
7410
24112
21840
205
21035
12475
15433
14781
22214
3299
4634
10779
16421
5110
14787
17553
14129
4375
7436
13403
7101
18911
15352
6389
24142
14766
17589
10365
1642
17624
11346
3202
9394
7625
15560
12637
19422
7444
16621
16074
2810
6910
8953
25738
15351
13633
3794
7654
19453
3385
4060
20211
25859
11560
21408
24679
9503
6834
7792
23103
10037
18313
8877
23883
7825
22639
15213
4118
1892
14765
4298
13062
11975
11082
21446
9767
26068
17672
6265
5035
310
12737
23701
7135
23601
14757
14017
6046
4681
21201
24931
24049
8178
8219
5129
16385
15544
11379
12870
24102
6851
3856
3231
11912
20324
21010
19995
7916
10900
10267
3450
21075
26634
14102
2215
2664
4536
21139
22578
24529
25458
991
4603
15526
1705
13728
23006
21487
7446
25460
23886
14632
26149
24523
21871
10668
22803
19994
13750
4620
3994
1388
25234
14013
24576
12063
11368
17193
20545
26669
15498
25952
3415
4
7392
17888
9311
2655
5039
7592
25146
13983
8326
19558
10839
4529
16387
8346
10929
1511
24998
18919
11462
1767
15404
4617
24546
12766
19806
20603
8433
22746
4428
8226
3935
9006
3909
5054
20530
22307
23905
2314
16682
15893
5056
6316
22936
14480
23748
22715
4209
11967
14081
20471
664
15719
22036
10314
17798
20034
4993
14838
20155
21058
8620
26675
8230
2522
22119
24233
5434
18310
4579
10433
22876
21004
1261
26271
25992
19079
10752
26145
17766
10483
11562
12826
9904
8702
23016
5247
9071
24535
1292
17648
15232
4996
22773
17875
19582
16004
25394
19241
21531
13940
24808
407
11139
3777
2301
11524
3295
25678
24718
4140
8134
11752
1437
6551
80
20506
20464
11282
4531
4289
8813
17098
10410
11400
18750
18373
16887
18648
15446
5019
11766
22941
6378
11532
14680
17842
3748
15068
13283
8715
23060
9140
1323
24115
1250
474
2243
6871
17035
23961
18573
17674
19571
2771
11925
22228
24119
4724
5636
16072
2524
13783
21480
11247
6533
22514
25475
1656
20881
14740
6256
21501
25553
5623
23153
4404
19345
12277
25505
20832
18241
24896
21118
7189
6383
12679
1560
6884
2302
26370
18061
8279
25166
8527
845
9587
20970
145
3758
21037
26305
2072
5303
16488
5160
5300
17341
9777
16221
19911
21530
5393
10530
20874
21175
23943
8594
1108
7264
5731
4372
6188
24769
17616
9136
17987
15445
1760
6312
6255
22432
1482
18009
14723
21640
20795
1003
10685
11484
960
13072
12837
16601
21867
17961
14804
14123
15981
6161
14691
21396
8849
15903
22768
4477
18827
3969
12572
20650
12333
3092
24865
13784
3669
2785
23686
3955
25542
23890
5950
2988
23437
11863
18980
13955
5871
9947
7302
2212
5344
18860
18465
19493
7123
26509
23699
18180
10702
14235
11851
16993
7337
17825
21908
856
7124
2670
6206
26082
6084
8371
18869
10411
21493
23311
10606
9604
7664
16066
15579
5761
3636
16398
19842
14625
22705
94
8265
26616
22613
18588
8604
3300
8191
18534
1465
22938
16918
933
1084
20248
19268
1414
6194
10876
2908
2768
9435
14487
7979
5100
6601
19280
21392
25121
9710
1351
5979
7563
24184
17354
18086
22667
1470
16097
8920
9651
3938
5392
3496
20092
23368
20146
26642
5943
3600
12485
6703
21639
24773
9383
2703
7225
10494
26804
18909
1949
9970
5481
17214
7403
21130
24591
18717
16688
23218
9654
6611
7701
25565
26213
23474
4214
23838
24884
12489
22719
14451
3604
16967
22272
2720
24809
13540
15169
7094
16255
85
8642
18212
13565
5101
13549
1805
13967
13012
19544
222
450
18309
6881
15650
18360
20057
819
3474
17908
1274
14161
8294
7217
15031
5772
17959
5294
13080
9234
11808
25175
22704
21436
471
1121
12783
13053
9121
26094
10877
3170
23989
23191
8768
6159
7376
6684
21535
11853
20630
3867
9413
24899
23674
15639
11658
12792
7794
18712
1005
2883
15174
15313
9801
8584
15289
6148
10611
9433
1374
7000
18155
12563
10516
14447
2032
12122
439
16014
3089
3992
10175
18258
2160
21584
23987
1881
24660
25447
22226
24669
3844
3174
24727
7172
24043
19097
1060
11732
14265
8930
16952
4797
21215
21922
22757
3682
12918
15663
339
7058
17108
1988
24831
4596
8378
8148
711
4717
26159
8053
25811
14395
7735
1152
8886
13340
22419
3610
24439
14246
16815
1731
24220
26513
19769
8794
11734
24034
14070
6635
17933
16052
9254
5721
14772
25800
6289
8875
10153
5994
16141
16759
10935
25148
24950
21761
9032
11394
3688
8623
26153
1701
16222
9237
17258
13942
4501
16950
8069
19627
24994
7860
11852
3217
8617
24906
5130
22388
21596
3238
16630
11046
24771
10937
19566
4917
10067
11689
26826
499
25306
6576
11300
21917
14608
20664
14207
16543
481
24275
11957
19930
14913
4442
2882
7812
3568
2046
25761
2986
12466
23055
1398
22960
18848
13055
14334
9856
11453
24902
5077
7626
2716
14404
3309
6866
1275
15303
19536
23761
17177
1992
17886
19692
11078
24511
5314
25771
19895
23946
26521
7947
23412
191
8675
18936
8847
8128
18209
21376
10254
3975
1196
7808
12190
14722
8452
14427
16309
25521
19630
18628
18260
17466
3046
8036
17928
20003
9011
3760
22659
26855
11017
10018
18901
26889
22484
8771
18174
6363
16450
17167
21346
22287
19539
1223
25085
6464
7072
6222
20707
13354
19309
23447
18641
5595
18765
16054
15193
14761
13105
5350
8273
21808
14678
17765
11465
15109
25989
4907
14191
16376
18231
13943
12975
18294
22656
22594
14044
23588
12903
9005
5617
415
7990
2183
6716
12996
7997
24046
7184
23375
21318
26350
21661
21225
21550
8628
1869
10287
10213
6982
19455
25240
20144
16382
574
376
10829
3960
25736
20208
12712
20292
19673
4488
24829
5081
22694
26071
5260
12354
24889
24627
22756
26229
6759
18539
17797
1307
25201
1589
24960
1994
15267
5671
17512
16084
19910
12590
8451
23830
13237
15320
5729
13213
11121
2444
21123
9857
23229
13974
11811
20481
26795
11323
20250
11250
19146
9588
3119
5978
7562
18182
25026
1491
10561
22567
4973
2451
734
8197
25646
8980
13626
8427
1368
20423
12798
15078
23982
23957
25305
2861
10990
18368
304
1735
3466
12595
16228
5424
10970
23846
4729
16399
12512
11598
20645
26340
15620
14058
19131
15832
17319
2525
7707
9746
8866
26748
13478
20107
14084
13415
1810
16600
5955
19559
2990
13780
8823
11829
15660
24870
1007
22330
3179
4970
14569
14118
5608
18647
13950
6279
605
18871
6170
2247
975
22546
4392
12583
9529
19555
21522
11479
829
25782
12820
3749
9623
3954
15244
5220
22501
26237
12000
18435
10085
7502
20923
20075
4557
18239
15849
12561
22112
10143
8404
21912
23132
8544
25355
24921
19162
9087
9155
2836
24253
16749
6341
9595
16251
14547
4826
20305
6388
12116
8559
8947
11557
5404
26388
23145
10444
2336
25861
11172
8935
21138
12966
11826
10333
18620
21526
25030
7141
5867
4570
12735
3629
9401
6201
16989
4791
10441
19913
4910
17554
12855
18707
25104
13527
2894
26769
21992
10863
7751
4694
10594
12353
16342
12802
1596
13759
19686
1435
16102
13751
19258
26576
1725
1576
11819
10989
15146
22133
5963
16518
3627
9052
7265
17024
5948
6647
3243
13642
2719
20872
26265
5330
11052
11660
12025
8426
6543
21741
4373
4503
16938
20048
5504
24033
3171
1045
7573
7651
1979
18781
12793
25415
6591
4219
21289
21286
14981
21618
21601
22045
2962
1324
453
20512
18747
26672
24823
62
15423
5401
26821
15452
26507
16987
6266
21669
12049
25805
1165
9197
13984
15612
2813
4656
21032
1552
17431
11367
9347
1918
10285
4363
23034
12097
23235
16030
3564
3318
24552
23010
14432
24421
18932
1812
8258
20662
18426
24620
17608
17150
18679
21211
17133
7537
17073
24848
11335
22988
14571
21809
24368
17556
26781
12310
19862
18434
23467
15394
15307
11120
25977
25044
16448
18179
10458
11262
155
18459
5669
25103
15595
13047
13318
6484
9289
17253
8303
9636
2975
11038
25433
2369
24132
522
8614
1189
25776
23334
16781
2792
17665
12747
9382
10434
13542
10140
21863
2617
20633
24158
24706
18092
14555
14346
4577
4248
21846
6487
26289
22085
14657
20388
4798
14878
19240
16453
25826
9332
9603
22557
11786
1860
1501
6860
15462
3734
13409
696
26355
6429
16388
15367
3577
26319
8837
11882
13600
10951
16513
20583
20953
2515
24929
24156
21860
3571
13140
24121
10555
21754
23563
15520
18047
26749
21621
3950
23173
6231
13492
8552
18312
24316
11586
11286
17567
13074
15729
9581
6171
18849
13646
5202
12796
760
5622
23495
20258
23648
7728
5362
19263
23318
19012
4471
12169
836
26025
8540
12959
3188
7875
26239
16022
23621
11680
3357
19105
3301
12423
24104
22993
9961
9539
16704
21212
11624
8923
7477
15934
13265
23240
20278
5480
8417
479
20895
8957
13922
5971
1877
6318
24007
1201
1036
22961
14984
26418
1279
1434
26869
1739
3634
14021
13557
7858
19115
3771
23897
23223
11600
21186
4254
10913
6951
22102
11100
3990
11425
15584
26007
21005
10136
14201
13068
21360
18729
6258
1577
12795
20608
4597
6019
23560
12893
20658
7505
5692
24857
12256
5583
6081
9937
18270
26386
6704
4282
16485
3263
19033
8570
26439
19719
25222
21370
26612
13199
15747
14909
3210
16814
228
8001
1139
1670
6284
16171
17773
9771
11966
25754
8358
1185
9013
3413
12407
7675
18438
9115
5018
13663
11917
2822
20411
11030
12668
20333
24593
11703
10135
12317
4121
26225
10732
14213
5985
9514
17606
25477
25051
20726
10041
16609
1049
9411
7757
10921
23432
16722
20967
16270
645
5355
13328
15512
17439
21534
16357
11835
4952
17736
25399
5990
26567
5903
7982
1282
4591
8562
24304
26397
21874
14242
14024
17141
50
21807
26496
25286
21958
14860
14954
24381
24118
19085
5113
24418
24083
21663
5476
16788
15349
3507
2453
14958
21878
24404
3630
25205
10983
7726
7498
8288
2972
20696
10613
10505
896
3522
13491
13334
23824
5621
17265
22409
9098
20335
13881
20177
15929
13205
6413
9480
19868
3386
25186
9990
16393
13512
22510
24760
10597
2218
26951
16048
18898
6333
6442
2435
11626
3383
12780
22093
9328
4066
20792
26734
16173
1285
18008
6094
16000
13472
23342
7462
10734
6472
2808
20540
261
2442
15505
11683
17491
17891
19736
20859
26724
5956
8625
26107
25847
936
25783
18172
9314
10655
8618
4847
25597
2104
776
10810
11757
17160
4702
22973
4461
983
19147
9537
25397
18003
12433
11577
3653
22572
11843
17349
17705
7417
13912
6845
19699
2173
23332
4631
23309
18612
13031
21448
3823
9162
17400
360
19778
18058
23745
19889
17060
626
8207
7401
16802
16056
20904
11711
7374
24434
16656
24601
984
19112
4632
6315
14704
2121
13309
16930
4756
13695
9555
2348
630
7377
25235
10436
24229
7268
8742
22810
7046
22967
23339
5777
16338
18506
10537
19742
24653
3820
15344
13714
16240
4262
3906
25919
8964
603
20149
5128
15026
20244
5898
7972
25720
23481
21271
21012
5082
22695
20032
22909
16707
23867
10852
26929
14166
19963
8578
2168
3558
5287
11859
25441
16701
15444
5408
26859
17123
15830
22490
15717
9476
7832
4668
10302
9432
10121
24675
23832
12
11690
22899
7912
2315
15762
17532
12365
3116
13707
8810
1436
20247
15175
9240
8335
10776
6239
23626
1299
20695
6895
19056
15273
23248
4931
10474
7088
10946
4342
5666
21946
2300
26262
16547
317
25625
12458
12175
25459
2438
13781
4001
25895
16618
11160
25871
20080
26185
2120
12536
3245
3510
10335
6183
16182
22081
24971
23384
12452
11568
20756
20995
18873
13029
194
2821
5587
4700
20052
14286
526
10683
15381
14775
247
17286
15823
16594
11565
16978
26170
25519
21061
21525
4665
26338
4455
23893
11997
22401
12076
6674
19751
1583
23775
9976
18436
104
370
275
1926
10162
12842
858
26763
10600
15197
381
5610
7316
12731
13469
1978
12988
19779
22897
208
11692
20315
25123
3085
16724
7291
12704
12091
26485
9262
12970
22955
3078
18664
22043
26108
21758
13706
16580
1762
5895
14146
15587
8281
5661
17594
16528
3876
8232
15906
19510
10633
15598
1747
8161
239
5928
4941
11933
16714
24359
10215
22249
6695
19617
4901
4246
1943
25144
8695
9465
11131
13915
13971
12980
9021
2518
6723
21163
13209
10526
1814
20809
19946
12138
8703
3841
17822
24295
11613
24410
5694
26434
4808
15810
25620
15480
26053
3465
11299
20750
3980
13809
23411
5222
24522
2899
22980
25733
5093
5194
12669
1839
21355
1480
18930
14060
7154
16500
3797
16333
1461
1148
22305
19922
1286
8786
4575
15236
23404
18890
26726
5411
12266
21176
24626
15712
7332
14072
3581
1754
13458
9510
14397
25746
4585
18136
16635
11739
5703
9402
1153
6557
5752
802
6283
14457
13377
1113
21694
1771
23441
6626
12527
26691
25729
3919
22048
15834
9533
5847
12457
8149
10930
13546
2537
8177
17302
3390
12629
8940
1588
14128
3548
1333
4122
25695
14808
13959
7843
14411
20932
20848
580
9043
10456
18787
429
15800
6115
9984
12617
9812
6522
22393
19449
23353
6202
17640
23206
13239
20366
21079
25179
26254
8978
12125
15230
15040
1403
7121
22215
4192
26156
5544
2871
18796
21938
999
13614
11756
22138
13687
17280
21519
19525
23837
2606
21586
12717
18337
5687
9393
3236
13993
16574
12861
22829
21728
26121
19478
3525
4100
2095
5600
11395
4009
4047
2938
20911
25596
16738
9916
2511
21172
13665
14651
6459
20864
2123
18941
21657
25149
12630
1952
26797
22146
18224
19137
2074
16205
8383
22390
19802
26561
25730
7234
3237
14387
24456
1896
13083
7227
7083
26047
21197
10819
10036
22299
12427
16763
24166
2509
22653
3640
9100
21892
6639
17211
19602
20202
7753
12098
21896
24409
7845
10781
25491
17982
20577
8066
21716
15643
7358
8925
10070
19203
4152
17782
4776
14294
8293
11374
6984
4984
952
3455
18532
11936
4813
2506
8164
21998
6123
19153
19881
21632
10601
26124
22606
4650
2660
23502
7595
19588
4186
18162
13523
15205
12773
1281
1624
18661
13229
6482
425
13139
12843
5793
6292
3724
873
21980
15218
18211
24074
11163
9741
5565
8595
12079
5186
21230
9931
13828
4193
3345
24332
20168
22971
20866
1984
1203
14202
20654
20565
21777
16248
5641
8403
9022
1663
9805
2148
6025
15358
14199
24230
16712
8462
23178
25587
17706
8397
12342
24038
23093
11956
18605
17819
1487
13394
7099
4280
4831
6828
24174
6490
19102
4093
17297
18504
17391
2642
2924
13659
19093
22033
11249
22169
14381
9320
5894
19965
15977
19118
20820
26464
16530
21341
26432
9208
12406
3504
20350
4568
556
11072
23813
12193
1116
26210
19435
25332
23569
4059
23349
21962
10147
20841
12264
13316
24925
13335
22788
16480
8457
178
17136
6443
8304
8598
13505
10826
18365
1444
18619
26307
25995
7005
1704
10861
1777
12299
26735
5254
12775
14101
18367
4327
6056
24584
22824
12305
21735
18897
17879
26566
3642
4971
2903
15355
24860
3917
26215
8256
12718
9702
5883
2041
9685
17663
5022
14407
22614
23933
18884
12605
16229
24521
19266
20759
18105
5071
10568
5901
18691
19556
19675
6455
536
4982
13052
17322
3783
11921
12202
16856
12315
13879
22439
18917
21739
24362
4207
21670
11080
24503
12515
23092
15457
17779
22399
17583
17137
22083
3329
15401
14660
17697
2950
20982
15529
24640
23115
11424
10381
16674
9339
26800
6174
23487
4156
9568
12750
14064
22256
17440
16441
1428
15327
24519
20569
18303
23088
24958
16819
6514
17861
23534
21733
7139
11248
22665
14867
16183
12229
10114
3646
15168
17772
26173
15933
16568
2783
13580
434
25228
23808
2794
6815
11595
22989
2176
3445
23642
22483
21243
21964
2185
20934
4130
5272
19843
2554
6090
9434
9268
8495
24366
11540
24273
1033
24206
7030
5581
17739
22046
4023
3508
25976
20560
1451
14280
18680
20831
23974
7759
15075
24575
7668
17758
1907
26038
24386
6947
10431
6044
12176
12673
3239
8094
25898
8893
3621
17537
7938
22301
5248
9677
22242
26482
23186
23906
21485
3613
18688
9112
5634
23532
8881
15266
7748
23177
11918
24977
23222
18825
12082
2890
26816
21389
4377
6129
15102
23802
1184
20745
16603
7194
25609
9926
13525
20026
24008
6423
1728
11561
10495
12290
17005
23512
3024
2977
10149
20312
12654
17675
16770
17069
17652
12473
1838
20651
6385
26430
9062
24513
1885
14720
25549
3365
16015
23268
16809
26737
20998
13788
3597
13948
25493
9088
12075
11111
23749
25067
14000
2405
20118
11920
18655
26484
14179
23307
5208
6103
337
7351
1217
12314
23199
24086
7495
19777
21729
23536
7092
11278
18963
16875
2379
7496
17409
20596
23816
23742
26785
11416
7312
6079
25726
20882
18450
12356
20381
24263
17415
7749
10808
9415
10692
6832
13024
7145
26716
3117
12087
17935
24557
20829
11126
5483
13811
23636
2964
11725
10234
20747
8247
26709
10423
4424
14561
3113
21367
2521
4547
12811
21479
1643
20078
12061
1537
16134
20262
15670
24691
21490
1622
22366
21162
1254
15415
16011
24858
21521
23841
11128
13176
7533
24027
7921
6097
26958
18984
13620
12207
9227
5416
15622
9820
6396
6263
22820
12703
14964
12322
4720
26738
15864
2737
15644
7333
3965
19626
10394
25854
24685
1922
13797
737
22350
13701
9701
10156
24699
18431
22151
5529
11805
1378
13257
5210
1296
17882
26176
4687
4378
1191
20723
26261
4198
24395
22032
11679
17722
23939
22547
1791
18761
16361
16505
491
2145
10184
5649
26988
21798
13242
23576
14593
3342
6858
13973
8817
14222
22223
14807
20004
20993
17514
13279
6359
23452
13815
26042
26640
20108
3585
13385
25131
13490
23921
6130
687
4290
13794
13581
2991
7559
20625
11105
6233
11219
15077
23363
6006
18685
4292
2542
244
1820
9577
4623
16629
7818
25671
6355
26382
14707
17002
10542
17911
25167
26034
12491
1151
19223
19329
25307
16932
22190
23511
11007
16753
9910
13530
21462
24415
17163
4782
8054
5846
3294
14654
22535
3515
4304
11913
23768
8182
26498
10471
7349
20119
9975
4019
19772
15198
7766
10301
115
13775
14261
8492
25725
11076
3273
3093
5802
15292
15808
181
898
19807
3707
22012
15765
2390
11122
13844
13345
167
7987
17549
15599
6890
23033
1971
24053
21401
967
24567
17715
833
6715
23615
19160
26618
25001
15648
22791
14278
15881
6907
22269
20371
1821
11511
20060
9190
5745
26600
26427
236
15888
19256
25644
9451
3016
2687
12767
24880
2109
4935
21538
14383
4305
20444
8439
17620
9804
18818
3721
20215
17392
2397
24182
26490
13668
6661
23238
22498
1825
21645
18832
1110
2374
26346
20735
20261
13220
16960
10022
12296
16743
11417
10596
19269
6958
26938
26875
7317
25878
11388
14136
23394
14522
15504
17156
21979
20495
2592
2263
13860
9443
11274
12034
12738
6943
17100
14376
15705
1595
22804
8975
13998
8928
11295
22736
17475
5043
978
6212
7968
13172
15437
25584
16595
12859
3098
16370
7544
21432
13607
9844
16446
24250
24406
10508
17723
74
166
19722
18139
7986
15896
22349
25072
20894
24586
18793
19290
24470
23719
22450
10472
6480
13947
20412
20151
24995
17818
3421
5038
12274
11677
25741
2875
10308
23431
21815
6829
25013
25530
3478
23538
19933
11159
3339
9784
17957
19961
847
10500
26138
9118
20198
20083
17290
2697
24266
2144
20732
6849
26351
1109
2380
16365
20269
8822
19645
16855
8402
1903
20562
17871
4679
19907
22586
10470
10870
5756
24763
6131
26098
1770
2230
19428
9090
6136
17346
2204
21179
11717
9063
18954
2119
22626
22452
13816
20641
15261
26831
16974
18489
14850
10025
10391
25501
8209
10773
26820
11357
15959
14424
26913
10822
13899
18266
15875
24069
6778
11165
3489
15946
15575
22543
11597
18542
15295
26943
6619
19744
12569
22731
13871
22135
6622
13381
26626
5579
12223
21094
8710
2776
12048
1263
96
7754
19227
21549
7106
20843
8690
6041
26387
18621
23561
14535
8274
8494
18070
4605
25523
18715
22621
18090
1209
24039
9863
728
20067
16561
21072
9584
25775
23101
11409
21380
12546
6173
22598
2208
884
3501
17562
4355
726
1035
6607
9923
14677
9132
8611
11393
15391
1394
24634
22866
9150
24600
6765
22888
10075
15866
18288
16258
1213
24490
21119
14576
5814
11365
685
10999
24207
1314
19999
22254
24644
21751
9664
9189
5501
23138
13155
22654
3274
4727
10891
9351
14871
3185
126
9643
55
1935
8369
17649
25248
6489
8291
25317
23950
15086
2749
24148
10969
7518
9462
18580
26903
132
3659
14121
16317
11816
19396
19614
22247
5816
17257
1709
26927
14542
26037
1847
7568
20738
13498
22290
22609
6898
23381
7453
6444
14947
19408
6773
22300
815
20140
26952
17202
21345
15228
14052
8587
17093
16244
7839
21816
18443
15122
25133
7425
7021
19052
507
26692
18978
22508
16104
5954
6418
14556
19532
20073
12047
16680
20030
5655
13679
2473
23462
19985
17787
25818
3730
15128
11480
11321
8329
18521
23599
243
7269
18938
18658
18751
12455
23418
13893
18108
314
498
25408
17194
7082
6128
3699
7352
13235
17942
470
17895
16327
2944
7965
15018
6798
9783
9703
3491
9333
10236
22635
16558
18164
1413
8962
7258
9578
3136
14936
918
6160
10535
9264
4310
17241
26318
877
25959
6769
8459
3276
451
17331
2952
14350
8510
3427
6314
11054
18225
15661
16511
18993
20063
299
16483
8754
18677
5321
4303
4450
11907
1689
20357
21403
22831
4057
1065
3546
24360
24239
3828
18333
2516
3660
21793
519
10412
18305
6032
17910
4338
14362
26912
8142
18255
19215
26223
8991
7066
14273
16602
8254
26250
16783
5711
12493
8118
755
24299
701
7959
5613
11340
12090
965
16937
14358
23362
9359
22086
25650
1706
26656
7871
7923
3871
6285
21481
641
25292
12688
9878
23212
13957
252
13779
13894
12096
22447
6038
14011
22590
20523
11372
14029
25018
16090
2714
9727
16018
8101
16253
224
9380
20260
25485
18569
9589
17872
3817
4716
4927
16273
21667
2165
20101
6535
25410
26431
13319
8773
12468
5155
18479
25831
8585
4040
13965
15914
12059
25255
11023
8465
25610
9900
21837
15842
6219
11184
25055
11979
5008
1569
25360
6137
13389
15062
10586
10543
199
18339
2656
21344
16981
10536
22070
20653
1621
21101
26160
20099
10723
11620
17041
23904
19801
16281
14053
21764
8534
22681
27
17149
20050
25208
26357
5879
26120
22369
10766
8682
25420
2510
11192
22467
20235
8007
5024
4307
24459
5219
1136
12596
21096
10180
818
8479
11614
13061
22431
24414
8019
20657
24213
11312
1828
9915
17841
6520
19050
6421
8983
25785
7933
23584
9301
11818
10429
2949
15406
19360
909
20355
5002
2872
8671
20100
13419
14712
11148
7606
25337
7063
18144
17350
841
25403
26233
281
13654
11942
18014
26598
15845
6597
21887
4427
11779
20678
23783
4370
5007
16133
5526
14366
5656
5644
11402
5606
20210
26086
9635
14134
3235
22556
12289
2309
11546
11438
26666
2763
5505
19596
7437
18190
14819
5004
6186
297
25632
3233
3278
26632
5637
1889
21057
25543
5209
20058
13436
12869
12762
729
22148
22992
25160
18925
14175
13481
1717
20511
8315
25492
11073
16157
22488
1572
10623
3448
25432
1967
8103
2566
19628
10413
3776
15456
19906
22774
21087
26565
9422
22691
14492
6441
3759
7442
18734
9249
22666
19357
11134
11773
5556
789
75
26852
2626
20643
9772
17611
6366
12391
15120
3521
22371
10799
12542
1690
24063
19541
1957
19701
22002
2815
13383
18693
22196
17282
19553
20669
21124
25386
16238
14877
21166
24042
21310
20746
25762
17569
24505
23030
7044
2998
26122
15187
26979
14031
2191
20992
2351
16101
20964
25246
25145
24204
9101
25703
12755
6904
10774
3745
13206
20207
19474
1080
19682
22937
14425
7962
25683
5332
18284
22964
15135
22525
7684
8613
14264
16627
13274
24628
5524
14016
23301
18630
15876
3551
14837
1668
2834
3406
6971
12297
9123
12009
3190
14473
26615
13709
19440
19282
16973
10603
26450
15271
3619
12615
12690
24964
26067
16727
7130
10556
21792
23908
22521
16288
23543
23609
23972
3196
26084
15556
9325
26345
18387
20861
9250
24345
16294
19785
13755
26422
17112
13767
11245
21532
11316
5496
21467
8734
5489
26440
19475
9798
19618
6549
25724
25790
15000
24802
8286
14301
24157
7155
17438
2431
8921
16374
15767
4380
13929
18059
26323
1312
4055
3787
1347
14785
17065
11403
8999
22170
19824
20288
23833
26650
8135
16345
9159
25667
23008
7649
17585
15408
4434
12129
18412
10112
19650
25967
21386
3897
6721
5429
12369
18445
7175
12768
8963
12428
16312
25894
15458
13743
15410
10405
14036
12593
24588
10204
9495
3135
19164
17471
24696
18799
12050
10092
13018
12831
930
24912
9175
17030
418
8145
21280
26899
6405
5221
3502
13885
10982
8567
719
15995
5809
9379
16469
9756
8624
4007
16537
13629
11593
3767
8752
14965
6438
11536
20520
20704
15431
4454
1832
7758
24424
23084
15645
9731
14345
18882
21983
17714
15850
20408
19878
11952
11477
5691
4063
20917
6269
2114
2760
14107
6049
11339
19811
12910
23068
12074
111
15899
24343
9033
25090
24687
25780
11132
5679
8189
24016
23920
17243
10718
22264
3593
11518
5866
189
21558
2140
6957
7499
21966
13840
11117
3228
705
4178
4940
4142
10318
10305
175
11259
14589
10640
16885
24294
17832
12187
25508
2034
14753
5405
17323
24013
3592
11572
12752
24085
10740
20773
4779
21778
23426
7900
17445
23570
25946
10583
8470
15606
9921
13649
18841
15291
26770
599
19725
10061
9362
3058
24140
949
6485
12318
15928
25480
6812
18120
7560
6372
13376
13872
18171
53
14643
2684
5133
25849
4285
24541
16267
8091
10741
2811
1549
23810
9630
21129
3429
24537
10497
6031
18377
13590
20331
14316
17361
3879
14336
2158
23286
26773
20077
4914
10116
11883
18228
9355
20274
7734
7638
23858
18982
16462
18249
13821
15806
2287
15883
10337
20567
25673
16230
18380
19187
26320
584
22219
9688
6073
2262
25299
8599
2254
10858
8193
2793
10602
14639
5689
13366
11881
16498
2246
1032
10013
12214
3497
22332
14450
6540
17966
13196
15889
1714
24740
8899
14318
11822
14364
12306
25328
19519
21581
4115
19984
13617
23499
26174
15082
1523
16862
19142
17664
25539
4896
12758
26914
10224
17306
26680
7804
15115
16929
17897
6426
23282
18331
4211
187
928
5298
22600
10931
8861
19011
23372
2277
20447
20263
9174
9113
10548
16757
17062
23730
18348
3666
6757
17293
9933
542
2311
2316
8237
478
16939
16153
9725
22959
11411
10455
1985
279
23515
24730
20740
4139
25860
5250
22474
15936
24249
9521
23377
23290
4033
11591
527
1421
8588
23873
6930
2133
9277
9404
2539
16206
14612
4955
3883
21674
23878
24247
25727
17749
4786
848
5785
10355
25135
26848
5704
13591
10507
11398
9535
22722
25504
23239
13254
21795
13448
18441
23514
24469
11989
18199
24996
706
22907
932
2995
3414
11220
21649
12180
6344
17548
20462
10552
17747
24449
21226
2407
7127
21121
15961
11431
24075
8644
18205
19404
22886
19254
25752
7697
21319
15867
24011
22427
417
17696
13839
6836
3091
25019
4232
2169
9982
25341
8070
11850
7393
13084
4966
10917
19156
10998
9331
25155
18537
3184
15311
21050
26599
11146
21708
3277
15455
11376
3485
18659
10351
15803
22283
20722
25819
17158
10050
20588
21033
26925
283
8284
12107
21648
14469
10457
6121
1833
19902
12610
11528
24050
9946
17324
5970
23839
17420
13710
11889
26861
5184
384
11304
25573
5599
26019
2420
9674
10127
19279
8723
3373
13450
15742
15904
15916
1173
22541
15071
15679
9796
19764
5974
19140
9051
17368
5576
393
17272
13628
13833
12791
5486
13304
10831
13892
23956
26732
22065
24527
23925
21656
19220
25606
15061
951
18405
26470
9972
17212
13127
26731
12358
16850
23443
15316
3704
23703
6157
8812
11998
10250
1343
8658
18671
21261
10190
21598
21916
1512
7197
1692
23798
20913
8215
19776
21655
4379
17379
6567
5213
6476
12746
24710
4594
20422
23651
3781
1127
14710
14621
15225
3063
21830
2267
1105
26017
2283
19492
2803
7576
23109
19826
22292
1601
11482
21658
7932
6927
25000
3037
11088
22487
24751
12705
9292
13520
21957
8950
20863
1599
19233
18115
17171
11984
24333
4833
21662
23794
9109
14507
21666
14260
5507
6376
12736
3388
8110
4429
13036
14003
14531
5089
18486
4893
26376
438
6602
24569
1163
9742
13109
14418
2329
5061
24453
12853
15919
67
22252
17979
2953
23667
26177
22647
1129
26750
26278
3671
2878
24940
18000
9909
17528
21743
8478
3808
26688
8028
1680
7151
9201
5794
17927
14414
8799
25595
688
20252
4562
14239
2111
21747
5396
25863
3690
23967
12643
21160
8539
26457
8469
10513
2971
25615
19355
6935
18731
23741
