2
4
7
8
10
12
14
19
25
27
30
35
38
47
50
51
53
55
56
60
62
67
72
74
75
79
80
85
89
90
94
96
102
104
111
115
119
126
131
132
138
143
145
150
153
155
157
159
165
166
167
172
173
175
176
178
181
183
185
187
189
190
191
194
196
199
200
201
205
208
213
215
218
222
224
228
229
236
239
240
243
244
246
247
252
258
261
264
267
271
275
279
281
283
293
297
299
304
305
307
308
310
311
312
314
317
321
322
337
339
348
351
354
360
364
370
371
375
376
381
384
386
390
393
402
407
409
412
415
417
418
424
425
429
430
432
434
438
439
445
446
450
451
453
454
466
470
471
473
474
477
478
479
481
483
485
486
490
491
495
497
498
499
501
506
507
509
514
517
519
522
525
526
527
536
542
548
556
561
565
574
580
584
599
603
605
611
618
626
630
635
641
645
649
651
655
658
664
667
676
678
685
687
688
689
691
696
701
705
706
708
711
719
726
728
729
734
737
746
751
755
760
762
763
764
776
781
782
789
795
796
798
799
802
809
814
815
818
819
825
829
833
834
835
836
839
841
845
847
848
855
856
858
860
863
865
866
869
873
877
884
893
894
896
898
907
909
912
915
917
918
923
925
926
928
930
931
932
933
935
936
941
949
951
952
954
959
960
962
963
965
967
975
976
978
979
980
983
984
991
999
1002
1003
1005
1007
1008
1012
1013
1014
1016
1017
1018
1019
1025
1032
1033
1035
1036
1038
1045
1049
1050
1057
1060
1065
1066
1077
1080
1084
1085
1089
1092
1095
1098
1100
1105
1108
1109
1110
1113
1116
1118
1121
1127
1129
1134
1135
1136
1139
1141
1145
1148
1151
1152
1153
1161
1163
1165
1173
1175
1176
1177
1184
1185
1186
1189
1191
1193
1195
1196
1198
1200
1201
1202
1203
1207
1209
1213
1217
1220
1223
1227
1239
1240
1241
1243
1250
1253
1254
1256
1258
1261
1263
1267
1274
1275
1279
1281
1282
1285
1286
1292
1294
1296
1297
1299
1301
1307
1308
1310
1312
1314
1323
1324
1327
1331
1333
1343
1347
1350
1351
1353
1368
1374
1375
1378
1383
1384
1385
1388
1389
1394
1398
1403
1406
1413
1414
1419
1421
1423
1424
1428
1434
1435
1436
1437
1444
1447
1451
1452
1455
1460
1461
1465
1470
1471
1475
1480
1482
1483
1487
1489
1491
1493
1501
1502
1508
1509
1511
1512
1520
1521
1522
1523
1531
1537
1539
1543
1544
1549
1552
1560
1569
1572
1576
1577
1580
1582
1583
1588
1589
1592
1593
1595
1596
1597
1598
1599
1601
1607
1611
1614
1618
1619
1620
1621
1622
1624
1632
1635
1639
1642
1643
1647
1656
1662
1663
1668
1670
1673
1675
1680
1686
1689
1690
1692
1701
1704
1705
1706
1709
1710
1712
1713
1714
1715
1717
1719
1721
1725
1726
1728
1731
1735
1739
1747
1754
1756
1760
1762
1763
1767
1770
1771
1777
1779
1781
1784
1791
1793
1801
1803
1805
1810
1812
1814
1818
1820
1821
1824
1825
1828
1832
1833
1838
1839
1841
1842
1847
1852
1854
1857
1860
1869
1872
1873
1874
1875
1877
1881
1884
1885
1889
1890
1892
1896
1897
1899
1900
1903
1907
1912
1914
1917
1918
1920
1921
1922
1925
1926
1935
1939
1943
1944
1948
1949
1952
1955
1957
1959
1967
1971
1978
1979
1984
1985
1988
1992
1994
2009
2023
2027
2031
2032
2034
2036
2041
2044
2045
2046
2047
2051
2055
2059
2067
2069
2072
2073
2074
2077
2079
2083
2086
2087
2089
2090
2095
2098
2104
2109
2111
2114
2116
2119
2120
2121
2123
2129
2133
2137
2140
2143
2144
2145
2148
2149
2158
2160
2161
2164
2165
2167
2168
2169
2173
2176
2177
2179
2183
2185
2187
2191
2196
2199
2202
2204
2208
2212
2215
2216
2218
2230
2243
2246
2247
2254
2261
2262
2263
2267
2273
2275
2277
2281
2283
2284
2287
2291
2293
2299
2300
2301
2302
2309
2311
2312
2314
2315
2316
2322
2329
2336
2342
2344
2348
2350
2351
2353
2360
2367
2369
2374
2379
2380
2389
2390
2393
2394
2397
2400
2401
2404
2405
2407
2414
2416
2417
2418
2420
2429
2431
2435
2438
2442
2444
2448
2451
2453
2464
2471
2472
2473
2480
2487
2490
2491
2494
2506
2509
2510
2511
2515
2516
2518
2519
2521
2522
2523
2524
2525
2527
2533
2537
2539
2542
2543
2545
2550
2554
2555
2562
2565
2566
2568
2571
2572
2591
2592
2606
2608
2611
2617
2625
2626
2632
2635
2638
2642
2643
2644
2653
2654
2655
2656
2657
2660
2662
2664
2670
2672
2673
2683
2684
2686
2687
2697
2698
2702
2703
2713
2714
2716
2719
2720
2730
2733
2735
2737
2740
2749
2758
2760
2763
2764
2765
2766
2768
2770
2771
2776
2783
2785
2792
2793
2794
2799
2801
2803
2806
2808
2809
2810
2811
2813
2815
2821
2822
2830
2834
2835
2836
2840
2849
2850
2856
2857
2861
2862
2871
2872
2874
2875
2878
2879
2881
2882
2883
2884
2885
2890
2892
2894
2899
2903
2904
2906
2908
2910
2924
2925
2935
2938
2944
2946
2949
2950
2952
2953
2958
2962
2964
2968
2971
2972
2975
2977
2983
2986
2988
2989
2990
2991
2995
2998
3001
3006
3016
3020
3021
3024
3026
3032
3033
3036
3037
3040
3043
3046
3049
3050
3058
3063
3064
3070
3075
3078
3079
3082
3084
3085
3088
3089
3091
3092
3093
3098
3106
3111
3113
3115
3116
3117
3119
3128
3135
3136
3150
3152
3157
3162
3164
3170
3171
3174
3179
3184
3185
3187
3188
3190
3196
3197
3200
3202
3205
3210
3212
3213
3216
3217
3219
3224
3228
3231
3232
3233
3235
3236
3237
3238
3239
3243
3245
3249
3252
3257
3263
3266
3273
3274
3276
3277
3278
3279
3281
3285
3294
3295
3299
3300
3301
3303
3309
3318
3320
3322
3326
3329
3334
3339
3342
3345
3352
3356
3357
3358
3365
3371
3373
3381
3383
3385
3386
3388
3390
3391
3399
3400
3406
3409
3413
3414
3415
3420
3421
3427
3429
3436
3445
3448
3450
3452
3455
3461
3465
3466
3469
3474
3476
3478
3482
3485
3489
3491
3496
3497
3501
3502
3504
3506
3507
3508
3510
3515
3521
3522
3523
3524
3525
3526
3530
3534
3535
3536
3543
3546
3548
3550
3551
3557
3558
3564
3568
3571
3573
3577
3580
3581
3582
3585
3587
3592
3593
3596
3597
3600
3602
3604
3610
3611
3613
3615
3618
3619
3621
3627
3629
3630
3634
3635
3636
3637
3640
3642
3646
3653
3655
3659
3660
3661
3664
3666
3669
3670
3671
3672
3680
3682
3683
3688
3689
3690
3691
3699
3704
3707
3712
3715
3717
3721
3723
3724
3730
3734
3739
3742
3744
3745
3748
3749
3754
3758
3759
3760
3761
3764
3767
3771
3776
3777
3780
3781
3783
3784
3786
3787
3794
3797
3800
3807
3808
3811
3817
3819
3820
3823
3828
3830
3841
3844
3847
3855
3856
3863
3865
3867
3871
3876
3879
3883
3887
3889
3890
3897
3900
3906
3908
3909
3910
3912
3917
3919
3920
3929
3930
3933
3934
3935
3938
3949
3950
3952
3954
3955
3958
3960
3965
3969
3970
3975
3977
3980
3982
3990
3992
3994
4001
4007
4009
4015
4019
4020
4023
4033
4036
4040
4042
4044
4047
4051
4053
4055
4057
4059
4060
4061
4063
4066
4076
4077
4082
4086
4093
4100
4104
4108
4113
4115
4118
4121
4122
4129
4130
4132
4138
4139
4140
4141
4142
4143
4145
4146
4152
4156
4159
4163
4166
4167
4171
4172
4178
4181
4186
4192
4193
4198
4204
4207
4209
4211
4212
4214
4215
4219
4226
4230
4231
4232
4233
4240
4242
4246
4248
4254
4258
4262
4266
4269
4276
4280
4282
4284
4285
4289
4290
4292
4298
4300
4303
4304
4305
4307
4310
4315
4317
4321
4322
4327
4338
4342
4355
4358
4363
4369
4370
4372
4373
4375
4376
4377
4378
4379
4380
4383
4391
4392
4394
4397
4399
4404
4405
4408
4409
4411
4424
4427
4428
4429
4431
4434
4438
4441
4442
4444
4449
4450
4454
4455
4459
4461
4471
4477
4478
4488
4490
4491
4500
4501
4503
4511
4518
4520
4526
4529
4531
4534
4536
4544
4547
4553
4554
4556
4557
4558
4559
4562
4565
4567
4568
4569
4570
4575
4577
4579
4584
4585
4586
4591
4594
4596
4597
4599
4601
4603
4605
4615
4617
4619
4620
4623
4626
4629
4631
4632
4634
4638
4642
4645
4650
4653
4656
4658
4662
4665
4668
4670
4679
4680
4681
4686
4687
4689
4691
4694
4695
4700
4702
4704
4705
4715
4716
4717
4720
4723
4724
4727
4729
4731
4742
4745
4750
4756
4762
4770
4772
4776
4778
4779
4781
4782
4786
4787
4791
4795
4796
4797
4798
4803
4808
4812
4813
4814
4815
4818
4821
4826
4827
4831
4833
4838
4840
4847
4848
4851
4862
4864
4868
4873
4879
4882
4887
4892
4893
4896
4901
4906
4907
4910
4914
4917
4921
4922
4926
4927
4928
4931
4935
4936
4940
4941
4944
4947
4949
4952
4953
4955
4957
4960
4966
4970
4971
4973
4982
4984
4988
4993
4996
5002
5004
5006
5007
5008
5018
5019
5020
5021
5022
5023
5024
5032
5033
5035
5038
5039
5041
5043
5045
5054
5056
5059
5061
5071
5073
5077
5081
5082
5086
5088
5089
5093
5095
5100
5101
5103
5104
5106
5110
5113
5116
5119
5124
5128
5129
5130
5132
5133
5136
5138
5141
5142
5146
5155
5160
5161
5169
5173
5182
5184
5186
5188
5189
5194
5201
5202
5203
5208
5209
5210
5213
5219
5220
5221
5222
5229
5238
5247
5248
5250
5254
5258
5260
5262
5265
5271
5272
5274
5276
5277
5282
5284
5286
5287
5288
5291
5294
5295
5297
5298
5300
5303
5304
5314
5321
5322
5324
5328
5329
5330
5332
5344
5345
5348
5350
5355
5362
5365
5367
5368
5371
5374
5381
5383
5387
5392
5393
5396
5399
5401
5404
5405
5408
5411
5412
5415
5416
5422
5424
5429
5434
5476
5480
5481
5483
5486
5489
5491
5496
5501
5503
5504
5505
5507
5516
5518
5524
5526
5528
5529
5539
5544
5549
5553
5556
5557
5559
5565
5569
5572
5574
5576
5579
5581
5583
5584
5587
5594
5595
5599
5600
5606
5608
5610
5613
5617
5621
5622
5623
5624
5630
5633
5634
5636
5637
5640
5641
5644
5645
5646
5649
5653
5654
5655
5656
5657
5661
5663
5665
5666
5669
5671
5673
5679
5687
5689
5691
5692
5694
5702
5703
5704
5711
5721
5726
5728
5729
5731
5745
5746
5752
5756
5758
5761
5764
5765
5769
5770
5771
5772
5773
5776
5777
5781
5785
5791
5793
5794
5795
5800
5802
5803
5809
5811
5812
5814
5816
5824
5840
5846
5847
5866
5867
5869
5870
5871
5879
5883
5894
5895
5898
5901
5903
5905
5906
5912
5917
5928
5936
5937
5943
5948
5949
5950
5954
5955
5956
5963
5967
5970
5971
5974
5976
5977
5978
5979
5982
5985
5990
5992
5994
6002
6003
6006
6007
6019
6023
6025
6031
6032
6038
6039
6041
6044
6046
6048
6049
6056
6059
6061
6062
6073
6074
6079
6081
6084
6090
6091
6092
6094
6097
6103
6108
6115
6121
6123
6124
6128
6129
6130
6131
6136
6137
6148
6149
6151
6152
6157
6159
6160
6161
6168
6170
6171
6173
6174
6177
6183
6185
6186
6188
6193
6194
6195
6196
6198
6199
6200
6201
6202
6206
6210
6212
6214
6215
6217
6218
6219
6222
6229
6231
6233
6239
6241
6243
6244
6246
6251
6255
6256
6258
6263
6264
6265
6266
6269
6275
6277
6278
6279
6280
6282
6283
6284
6285
6289
6292
6298
6301
6312
6314
6315
6316
6317
6318
6329
6333
6337
6341
6344
6355
6358
6359
6363
6366
6372
6374
6376
6378
6381
6383
6384
6385
6388
6389
6391
6396
6405
6409
6413
6414
6418
6421
6423
6426
6427
6429
6431
6432
6433
6437
6438
6441
6442
6443
6444
6455
6456
6458
6459
6463
6464
6472
6474
6476
6480
6482
6484
6485
6487
6489
6490
6492
6495
6514
6517
6520
6522
6533
6535
6540
6543
6546
6549
6551
6555
6557
6558
6567
6570
6573
6576
6580
6586
6589
6590
6591
6597
6601
6602
6607
6611
6616
6619
6622
6626
6630
6635
6638
6639
6641
6647
6658
6660
6661
6674
6676
6684
6686
6692
6695
6696
6700
6703
6704
6706
6715
6716
6721
6723
6731
6732
6734
6739
6743
6756
6757
6759
6765
6766
6767
6768
6769
6770
6773
6778
6779
6783
6790
6794
6798
6800
6803
6804
6807
6812
6815
6819
6824
6825
6828
6829
6830
6832
6834
6836
6845
6846
6849
6850
6851
6858
6859
6860
6864
6866
6867
6871
6878
6879
6881
6884
6889
6890
6891
6895
6898
6903
6904
6905
6907
6910
6911
6914
6920
6921
6927
6930
6932
6933
6934
6935
6938
6940
6943
6947
6951
6957
6958
6961
6966
6969
6971
6972
6974
6975
6978
6982
6984
6985
6993
6996
7000
7002
7005
7011
7012
7016
7021
7024
7025
7029
7030
7044
7046
7058
7059
7062
7063
7066
7069
7070
7072
7073
7074
7082
7083
7087
7088
7089
7091
7092
7094
7096
7099
7101
7106
7108
7112
7118
7119
7121
7123
7124
7127
7128
7130
7135
7138
7139
7141
7142
7145
7148
7151
7154
7155
7157
7160
7171
7172
7175
7177
7179
7184
7187
7189
7190
7194
7197
7199
7200
7208
7212
7217
7225
7227
7229
7234
7246
7250
7258
7264
7265
7268
7269
7272
7274
7275
7280
7281
7282
7287
7291
7295
7302
7309
7312
7316
7317
7326
7330
7332
7333
7337
7342
7345
7349
7351
7352
7358
7363
7374
7376
7377
7385
7389
7390
7392
7393
7398
7401
7403
7410
7411
7417
7419
7421
7425
7426
7427
7436
7437
7442
7444
7446
7453
7454
7455
7462
7466
7472
7473
7477
7479
7490
7495
7496
7498
7499
7502
7503
7504
7505
7518
7520
7524
7526
7533
7537
7542
7543
7544
7545
7557
7559
7560
7562
7563
7568
7573
7575
7576
7582
7583
7585
7589
7592
7595
7600
7604
7606
7608
7609
7611
7614
7615
7618
7623
7624
7625
7626
7629
7638
7649
7651
7654
7658
7661
7664
7668
7670
7671
7673
7675
7684
7692
7697
7701
7707
7719
7720
7721
7726
7728
7730
7734
7735
7745
7748
7749
7751
7752
7753
7754
7757
7758
7759
7766
7769
7775
7778
7780
7781
7783
7784
7792
7794
7799
7804
7808
7811
7812
7814
7818
7822
7825
7826
7827
7832
7835
7839
7843
7845
7850
7854
7858
7860
7871
7875
7876
7877
7883
7887
7890
7893
7894
7900
7903
7911
7912
7913
7916
7918
7919
7921
7923
7925
7932
7933
7938
7940
7941
7947
7949
7951
7953
7955
7959
7961
7962
7965
7968
7970
7972
7975
7979
7982
7986
7987
7990
7991
7997
8001
8004
8005
8007
8012
8019
8025
8028
8036
8050
8053
8054
8057
8060
8066
8069
8070
8075
8076
8079
8083
8091
8094
8098
8101
8103
8110
8116
8118
8119
8120
8124
8126
8127
8128
8131
8132
8134
8135
8137
8138
8142
8145
8148
8149
8157
8160
8161
8164
8176
8177
8178
8179
8182
8186
8187
8189
8191
8193
8197
8207
8209
8210
8215
8219
8226
8227
8230
8232
8233
8234
8236
8237
8247
8252
8254
8256
8258
8259
8265
8266
8273
8274
8279
8281
8282
8284
8286
8287
8288
8291
8293
8294
8303
8304
8315
8317
8321
8326
8328
8329
8335
8340
8343
8344
8346
8348
8352
8357
8358
8360
8369
8370
8371
8378
8379
8380
8381
8383
8390
8392
8395
8396
8397
8402
8403
8404
8407
8414
8415
8417
8424
8426
8427
8433
8439
8451
8452
8457
8459
8462
8465
8466
8469
8470
8478
8479
8484
8490
8491
8492
8494
8495
8500
8506
8510
8511
8515
8527
8530
8531
8534
8539
8540
8544
8552
8559
8562
8565
8567
8570
8571
8572
8576
8578
8579
8584
8585
8587
8588
8594
8595
8598
8599
8604
8607
8611
8613
8614
8617
8618
8620
8623
8624
8625
8628
8636
8637
8642
8644
8651
8652
8658
8671
8675
8682
8684
8690
8695
8698
8702
8703
8710
8713
8715
8723
8731
8734
8742
8750
8752
8754
8756
8763
8768
8771
8773
8774
8779
8783
8784
8786
8794
8798
8799
8802
8810
8812
8813
8817
8822
8823
8829
8831
8833
8837
8839
8847
8849
8852
8861
8862
8866
8875
8877
8881
8886
8887
8888
8893
8895
8899
8900
8906
8915
8920
8921
8923
8925
8928
8930
8935
8940
8947
8950
8953
8957
8960
8961
8962
8963
8964
8975
8978
8980
8981
8983
8991
8993
8999
9001
9005
9006
9011
9013
9017
9021
9022
9027
9032
9033
9034
9038
9043
9048
9049
9051
9052
9062
9063
9066
9071
9074
9084
9087
9088
9090
9091
9098
9099
9100
9101
9102
9109
9111
9112
9113
9115
9118
9121
9123
9124
9132
9136
9140
9143
9146
9149
9150
9155
9159
9160
9162
9174
9175
9189
9190
9191
9196
9197
9199
9201
9204
9208
9209
9215
9220
9227
9234
9236
9237
9240
9242
9244
9249
9250
9252
9254
9262
9263
9264
9268
9271
9275
9276
9277
9279
9282
9287
9289
9292
9293
9294
9301
9302
9306
9311
9314
9315
9320
9325
9328
9331
9332
9333
9336
9338
9339
9344
9345
9347
9351
9353
9355
9357
9358
9359
9362
9374
9379
9380
9381
9382
9383
9387
9391
9393
9394
9395
9399
9401
9402
9404
9406
9411
9413
9414
9415
9422
9423
9432
9433
9434
9435
9443
9449
9451
9456
9458
9460
9461
9462
9464
9465
9470
9475
9476
9480
9486
9495
9496
9500
9503
9510
9511
9514
9521
9529
9531
9533
9535
9537
9539
9555
9558
9562
9566
9567
9568
9575
9577
9578
9579
9580
9581
9584
9587
9588
9589
9595
9603
9604
9606
9609
9612
9618
9623
9630
9634
9635
9636
9643
9651
9654
9661
9664
9667
9668
9671
9674
9677
9685
9687
9688
9692
9693
9699
9701
9702
9703
9708
9710
9716
9720
9721
9725
9727
9731
9737
9739
9741
9742
9743
9744
9745
9746
9755
9756
9764
9767
9771
9772
9777
9783
9784
9787
9790
9796
9798
9800
9801
9803
9804
9805
9812
9813
9820
9824
9829
9830
9843
9844
9845
9849
9852
9856
9857
9863
9865
9867
9876
9878
9884
9887
9895
9899
9900
9903
9904
9909
9910
9913
9915
9916
9921
9923
9926
9928
9931
9932
9933
9937
9939
9945
9946
9947
9948
9950
9961
9962
9970
9972
9975
9976
9982
9983
9984
9987
9989
9990
9992
9995
9997
9999
10009
10013
10016
10018
10019
10021
10022
10025
10027
10031
10034
10036
10037
10038
10040
10041
10050
10061
10065
10067
10070
10075
10078
10084
10085
10092
10096
10106
10108
10109
10112
10114
10116
10121
10127
10128
10135
10136
10137
10140
10141
10143
10147
10149
10151
10153
10155
10156
10158
10159
10162
10163
10169
10172
10173
10175
10180
10181
10184
10190
10200
10202
10204
10208
10213
10215
10224
10232
10234
10236
10237
10239
10243
10250
10254
10258
10262
10267
10272
10277
10285
10287
10292
10301
10302
10305
10308
10310
10314
10317
10318
10325
10330
10333
10334
10335
10337
10338
10342
10351
10355
10358
10361
10365
10373
10381
10385
10386
10389
10391
10394
10400
10401
10405
10406
10410
10411
10412
10413
10423
10429
10431
10433
10434
10436
10441
10443
10444
10447
10452
10455
10456
10457
10458
10465
10467
10470
10471
10472
10474
10475
10483
10490
10494
10495
10497
10499
10500
10505
10507
10508
10513
10514
10516
10518
10523
10525
10526
10530
10531
10535
10536
10537
10542
10543
10547
10548
10549
10552
10555
10556
10561
10563
10567
10568
10573
10579
10580
10581
10583
10584
10586
10593
10594
10595
10596
10597
10600
10601
10602
10603
10606
10611
10613
10615
10618
10623
10627
10633
10636
10640
10644
10653
10654
10655
10668
10671
10673
10679
10680
10681
10683
10684
10685
10692
10694
10696
10700
10702
10706
10708
10711
10713
10714
10718
10723
10725
10731
10732
10734
10739
10740
10741
10742
10745
10747
10748
10752
10756
10757
10760
10762
10765
10766
10769
10773
10774
10775
10776
10779
10780
10781
10784
10785
10787
10799
10802
10808
10810
10815
10818
10819
10822
10826
10828
10829
10831
10839
10843
10844
10847
10848
10852
10858
10861
10863
10868
10870
10875
10876
10877
10878
10882
10887
10891
10892
10897
10900
10913
10915
10917
10921
10926
10929
10930
10931
10934
10935
10936
10937
10940
10946
10948
10950
10951
10955
10956
10957
10959
10964
10969
10970
10976
10981
10982
10983
10984
10987
10989
10990
10991
10993
10996
10998
10999
11003
11007
11010
11017
11023
11025
11030
11037
11038
11044
11046
11051
11052
11054
11056
11060
11065
11072
11073
11076
11078
11079
11080
11081
11082
11088
11100
11104
11105
11111
11116
11117
11119
11120
11121
11122
11125
11126
11128
11129
11131
11132
11134
11139
11140
11143
11146
11148
11157
11159
11160
11163
11165
11172
11176
11177
11183
11184
11192
11194
11198
11205
11219
11220
11221
11230
11238
11245
11247
11248
11249
11250
11252
11259
11262
11268
11269
11274
11275
11276
11278
11282
11286
11288
11295
11299
11300
11303
11304
11308
11312
11313
11316
11321
11322
11323
11329
11330
11332
11335
11336
11339
11340
11346
11354
11357
11358
11364
11365
11367
11368
11372
11373
11374
11376
11379
11384
11385
11386
11388
11393
11394
11395
11397
11398
11400
11402
11403
11407
11409
11411
11416
11417
11418
11423
11424
11425
11429
11431
11437
11438
11446
11450
11453
11458
11460
11462
11465
11466
11475
11477
11479
11480
11482
11484
11485
11487
11489
11493
11495
11498
11511
11512
11513
11518
11521
11524
11528
11531
11532
11536
11540
11541
11545
11546
11551
11557
11560
11561
11562
11563
11565
11568
11572
11577
11586
11588
11591
11593
11595
11597
11598
11600
11605
11606
11611
11612
11613
11614
11619
11620
11624
11626
11627
11629
11640
11648
11652
11658
11660
11664
11670
11677
11679
11680
11683
11684
11689
11690
11691
11692
11703
11704
11711
11717
11725
11732
11734
11739
11741
11742
11745
11746
11749
11750
11752
11756
11757
11764
11766
11768
11773
11779
11784
11786
11796
11802
11805
11806
11807
11808
11809
11810
11811
11816
11817
11818
11819
11822
11825
11826
11829
11835
11843
11845
11850
11851
11852
11853
11854
11859
11862
11863
11864
11865
11867
11872
11881
11882
11883
11886
11889
11898
11899
11900
11907
11909
11911
11912
11913
11917
11918
11920
11921
11925
11931
11933
11936
11940
11942
11946
11947
11951
11952
11956
11957
11958
11966
11967
11968
11972
11975
11979
11984
11989
11994
11997
11998
12000
12003
12006
12009
12021
12022
12025
12026
12032
12034
12045
12047
12048
12049
12050
12058
12059
12061
12063
12067
12069
12074
12075
12076
12079
12080
12082
12087
12090
12091
12093
12096
12097
12098
12106
12107
12112
12113
12116
12121
12122
12124
12125
12129
12131
12132
12138
12141
12143
12144
12153
12154
12156
12166
12169
12175
12176
12178
12180
12181
12182
12187
12190
12193
12201
12202
12203
12207
12210
12213
12214
12220
12223
12228
12229
12230
12236
12241
12246
12255
12256
12260
12264
12265
12266
12267
12270
12274
12277
12289
12290
12292
12296
12297
12299
12305
12306
12310
12314
12315
12317
12318
12322
12324
12326
12328
12333
12342
12347
12348
12349
12352
12353
12354
12356
12358
12365
12369
12372
12391
12393
12394
12399
12406
12407
12408
12423
12424
12427
12428
12429
12433
12434
12445
12446
12447
12448
12449
12452
12455
12457
12458
12462
12466
12468
12470
12473
12475
12476
12485
12487
12489
12490
12491
12492
12493
12512
12513
12514
12515
12519
12526
12527
12531
12535
12536
12542
12546
12554
12558
12561
12563
12565
12569
12572
12575
12579
12581
12583
12590
12591
12593
12595
12596
12599
12604
12605
12610
12615
12616
12617
12618
12624
12629
12630
12637
12640
12643
12654
12663
12664
12665
12668
12669
12670
12673
12679
12680
12687
12688
12690
12703
12704
12705
12707
12709
12710
12712
12717
12718
12721
12722
12724
12731
12734
12735
12736
12737
12738
12746
12747
12750
12752
12755
12758
12762
12765
12766
12767
12768
12769
12773
12775
12780
12783
12790
12791
12792
12793
12794
12795
12796
12797
12798
12799
12800
12802
12806
12811
12812
12816
12819
12820
12821
12825
12826
12831
12836
12837
12842
12843
12853
12855
12859
12861
12867
12869
12870
12871
12880
12881
12886
12887
12893
12894
12903
12910
12917
12918
12919
12922
12933
12951
12959
12960
12966
12970
12971
12975
12980
12988
12996
13002
13011
13012
13016
13018
13024
13027
13029
13030
13031
13036
13039
13044
13047
13051
13052
13053
13055
13056
13061
13062
13065
13068
13070
13071
13072
13074
13077
13080
13083
13084
13099
13100
13101
13105
13106
13109
13115
13120
13123
13125
13126
13127
13132
13136
13137
13139
13140
13142
13144
13146
13154
13155
13172
13174
13175
13176
13193
13196
13199
13205
13206
13208
13209
13210
13211
13213
13220
13229
13231
13234
13235
13237
13239
13240
13242
13243
13244
13250
13252
13254
13257
13265
13270
13274
13277
13279
13280
13283
13292
13296
13301
13303
13304
13307
13309
13314
13316
13317
13318
13319
13323
13328
13334
13335
13340
13342
13345
13350
13353
13354
13358
13360
13362
13366
13369
13376
13377
13381
13383
13385
13388
13389
13391
13394
13397
13399
13402
13403
13409
13415
13416
13419
13420
13429
13433
13436
13440
13448
13450
13458
13465
13469
13470
13472
13473
13478
13481
13485
13490
13491
13492
13496
13498
13501
13505
13507
13508
13512
13513
13520
13523
13525
13527
13530
13531
13534
13535
13537
13540
13542
13546
13549
13557
13562
13565
13576
13580
13581
13590
13591
13592
13596
13600
13607
13609
13614
13617
13620
13624
13626
13628
13629
13630
13633
13642
13643
13646
13648
13649
13654
13657
13658
13659
13663
13665
13668
13670
13676
13679
13680
13682
13687
13695
13701
13703
13706
13707
13708
13709
13710
13712
13714
13718
13722
13728
13734
13741
13743
13750
13751
13752
13755
13757
13759
13767
13772
13775
13779
13780
13781
13783
13784
13788
13789
13794
13796
13797
13798
13802
13809
13811
13815
13816
13817
13820
13821
13825
13826
13828
13833
13834
13839
13840
13844
13845
13848
13849
13851
13854
13860
13861
13866
13868
13871
13872
13875
13879
13881
13882
13883
13885
13887
13888
13892
13893
13894
13899
13912
13914
13915
13917
13921
13922
13924
13926
13929
13934
13937
13940
13942
13943
13944
13947
13948
13950
13952
13955
13957
13959
13961
13962
13965
13967
13970
13971
13973
13974
13979
13983
13984
13993
13995
13996
13997
13998
14000
14003
14006
14007
14011
14013
14016
14017
14021
14022
14024
14028
14029
14031
14033
14036
14039
14044
14050
14052
14053
14058
14060
14064
14065
14070
14072
14078
14081
14084
14093
14098
14101
14102
14107
14108
14117
14118
14121
14123
14125
14126
14127
14128
14129
14134
14136
14142
14144
14146
14150
14151
14154
14159
14161
14166
14167
14168
14172
14175
14179
14191
14199
14201
14202
14205
14207
14213
14220
14222
14224
14226
14230
14235
14236
14239
14242
14245
14246
14249
14254
14256
14258
14260
14261
14262
14264
14265
14272
14273
14277
14278
14280
14282
14286
14292
14294
14301
14302
14316
14317
14318
14321
14330
14332
14334
14336
14345
14346
14349
14350
14351
14354
14355
14358
14362
14364
14365
14366
14370
14376
14381
14383
14386
14387
14395
14397
14401
14402
14404
14407
14411
14414
14415
14416
14417
14418
14424
14425
14426
14427
14432
14442
14447
14450
14451
14457
14460
14469
14473
14474
14480
14483
14487
14490
14492
14499
14504
14507
14512
14521
14522
14529
14531
14532
14535
14537
14541
14542
14543
14546
14547
14552
14555
14556
14557
14559
14561
14564
14567
14569
14571
14572
14576
14579
14588
14589
14593
14596
14598
14602
14607
14608
14612
14619
14621
14622
14625
14632
14639
14641
14642
14643
14648
14651
14653
14654
14656
14657
14659
14660
14662
14663
14677
14678
14679
14680
14685
14686
14690
14691
14693
14704
14707
14710
14711
14712
14714
14720
14722
14723
14740
14749
14753
14757
14761
14763
14765
14766
14767
14770
14772
14775
14777
14781
14785
14787
14793
14797
14804
14807
14808
14812
14815
14816
14819
14823
14826
14837
14838
14850
14855
14860
14867
14871
14873
14875
14876
14877
14878
14888
14890
14894
14898
14900
14903
14907
14909
14913
14915
14920
14926
14928
14936
14941
14947
14952
14954
14958
14964
14965
14973
14975
14977
14981
14982
14984
15000
15005
15009
15012
15018
15026
15028
15030
15031
15040
15054
15061
15062
15067
15068
15070
15071
15073
15074
15075
15077
15078
15081
15082
15085
15086
15088
15089
15095
15096
15099
15102
15109
15110
15114
15115
15120
15122
15128
15135
15137
15139
15142
15143
15146
15149
15158
15163
15164
15168
15169
15170
15172
15173
15174
15175
15187
15193
15197
15198
15205
15211
15213
15218
15225
15228
15230
15232
15236
15239
15244
15253
15254
15256
15257
15261
15266
15267
15269
15271
15273
15288
15289
15291
15292
15294
15295
15303
15307
15311
15313
15315
15316
15320
15327
15337
15341
15344
15346
15348
15349
15351
15352
15355
15356
15358
15367
15378
15379
15381
15388
15390
15391
15393
15394
15401
15403
15404
15405
15406
15408
15410
15415
15423
15431
15432
15433
15434
15436
15437
15440
15441
15444
15445
15446
15451
15452
15455
15456
15457
15458
15460
15461
15462
15467
15480
15486
15488
15498
15504
15505
15512
15517
15518
15519
15520
15522
15523
15526
15529
15541
15544
15548
15550
15553
15556
15560
15570
15575
15578
15579
15583
15584
15585
15587
15588
15592
15595
15598
15599
15603
15606
15612
15620
15622
15628
15630
15632
15639
15642
15643
15644
15645
15648
15650
15652
15658
15660
15661
15663
15665
15668
15669
15670
15678
15679
15680
15681
15697
15702
15705
15709
15711
15712
15714
15717
15719
15722
15729
15742
15744
15747
15749
15753
15761
15762
15764
15765
15767
15781
15782
15785
15787
15795
15800
15803
15804
15806
15808
15810
15813
15821
15823
15824
15830
15832
15834
15836
15842
15845
15849
15850
15862
15864
15865
15866
15867
15870
15875
15876
15881
15883
15888
15889
15893
15896
15897
15899
15903
15904
15906
15909
15912
15914
15916
15919
15926
15928
15929
15933
15934
15936
15937
15942
15946
15950
15952
15953
15959
15961
15963
15967
15974
15977
15981
15990
15995
15998
16000
16004
16008
16011
16014
16015
16017
16018
16021
16022
16025
16030
16034
16035
16037
16040
16048
16052
16053
16054
16056
16064
16066
16068
16069
16072
16073
16074
16077
16080
16082
16083
16084
16087
16090
16091
16097
16101
16102
16104
16133
16134
16136
16141
16144
16145
16148
16150
16153
16155
16157
16169
16171
16173
16182
16183
16190
16195
16196
16205
16206
16216
16221
16222
16228
16229
16230
16235
16238
16240
16242
16244
16248
16251
16253
16255
16257
16258
16267
16270
16271
16273
16281
16282
16284
16288
16292
16294
16297
16298
16305
16309
16312
16314
16315
16317
16327
16333
16334
16338
16342
16345
16351
16357
16359
16361
16363
16365
16370
16371
16374
16376
16380
16382
16384
16385
16387
16388
16392
16393
16398
16399
16403
16413
16415
16421
16429
16435
16441
16446
16448
16450
16453
16454
16457
16462
16469
16472
16473
16480
16483
16485
16488
16494
16497
16498
16500
16505
16506
16507
16511
16513
16514
16517
16518
16520
16521
16523
16528
16530
16533
16534
16536
16537
16543
16545
16547
16548
16557
16558
16559
16561
16563
16568
16573
16574
16580
16581
16583
16584
16585
16594
16595
16600
16601
16602
16603
16609
16618
16621
16623
16627
16629
16630
16632
16634
16635
16638
16639
16641
16656
16662
16666
16668
16671
16674
16675
16676
16678
16680
16682
16685
16688
16701
16702
16704
16707
16708
16711
16712
16714
16718
16722
16724
16726
16727
16729
16738
16743
16744
16746
16749
16753
16754
16757
16759
16761
16763
16764
16769
16770
16773
16781
16783
16788
16797
16799
16802
16806
16809
16810
16814
16815
16819
16822
16823
16825
16846
16848
16850
16852
16854
16855
16856
16859
16862
16866
16868
16869
16871
16875
16879
16882
16885
16887
16892
16895
16901
16908
16913
16916
16918
16929
16930
16932
16937
16938
16939
16950
16952
16954
16956
16957
16960
16967
16971
16972
16973
16974
16976
16978
16981
16987
16989
16991
16993
17001
17002
17005
17017
17024
17030
17035
17041
17042
17046
17051
17054
17060
17062
17065
17069
17073
17075
17077
17079
17084
17085
17090
17092
17093
17096
17098
17099
17100
17103
17106
17108
17112
17121
17123
17125
17126
17127
17130
17133
17136
17137
17141
17143
17149
17150
17154
17156
17158
17159
17160
17163
17167
17171
17177
17183
17189
17191
17193
17194
17196
17200
17202
17203
17211
17212
17214
17217
17222
17233
17241
17243
17253
17254
17257
17258
17263
17265
17272
17276
17280
17282
17284
17286
17287
17290
17293
17297
17300
17302
17304
17306
17310
17318
17319
17322
17323
17324
17325
17331
17334
17340
17341
17344
17346
17349
17350
17351
17353
17354
17357
17361
17365
17368
17370
17376
17377
17379
17383
17391
17392
17400
17405
17409
17415
17420
17424
17431
17432
17438
17439
17440
17442
17445
17456
17458
17466
17471
17475
17477
17480
17485
17489
17490
17491
17493
17501
17510
17512
17514
17515
17523
17527
17528
17532
17533
17537
17539
17545
17548
17549
17553
17554
17556
17558
17562
17567
17569
17575
17582
17583
17585
17586
17587
17589
17594
17599
17606
17608
17611
17612
17613
17616
17619
17620
17624
17627
17640
17648
17649
17652
17657
17663
17664
17665
17666
17668
17672
17674
17675
17685
17691
17694
17696
17697
17705
17706
17708
17714
17715
17716
17721
17722
17723
17724
17726
17736
17737
17739
17745
17746
17747
17748
17749
17758
17759
17765
17766
17772
17773
17776
17777
17779
17780
17781
17782
17784
17786
17787
17792
17794
17797
17798
17802
17808
17816
17818
17819
17821
17822
17825
17832
17841
17842
17845
17849
17858
17861
17863
17869
17871
17872
17875
17877
17879
17882
17883
17886
17888
17891
17895
17897
17903
17904
17908
17910
17911
17916
17923
17927
17928
17933
17935
17937
17938
17942
17944
17948
17957
17959
17961
17966
17969
17971
17979
17981
17982
17984
17987
17998
18000
18002
18003
18008
18009
18014
18016
18028
18039
18042
18047
18058
18059
18061
18066
18068
18070
18072
18086
18087
18090
18092
18096
18099
18105
18106
18108
18115
18118
18120
18126
18133
18136
18138
18139
18140
18144
18147
18149
18155
18162
18163
18164
18166
18171
18172
18173
18174
18175
18179
18180
18182
18183
18186
18190
18193
18194
18198
18199
18202
18205
18209
18211
18212
18214
18216
18221
18224
18225
18226
18227
18228
18231
18235
18236
18239
18241
18247
18249
18251
18252
18255
18258
18260
18266
18270
18282
18284
18288
18289
18290
18294
18303
18305
18306
18309
18310
18311
18312
18313
18322
18331
18333
18337
18339
18343
18345
18348
18358
18359
18360
18363
18365
18367
18368
18373
18377
18380
18381
18387
18390
18398
18399
18404
18405
18410
18412
18414
18416
18419
18422
18426
18427
18430
18431
18434
18435
18436
18438
18441
18443
18445
18450
18451
18458
18459
18465
18470
18479
18483
18484
18486
18489
18490
18494
18500
18504
18506
18521
18532
18534
18537
18539
18541
18542
18544
18548
18551
18552
18555
18560
18563
18564
18567
18569
18573
18579
18580
18588
18594
18596
18603
18605
18610
18612
18613
18615
18619
18620
18621
18624
18628
18630
18632
18641
18647
18648
18649
18655
18658
18659
18661
18664
18665
18666
18671
18672
18673
18674
18676
18677
18678
18679
18680
18682
18685
18687
18688
18689
18691
18693
18698
18705
18707
18708
18710
18712
18715
18717
18722
18729
18731
18732
18733
18734
18742
18743
18747
18750
18751
18759
18761
18765
18767
18770
18775
18777
18781
18782
18785
18787
18793
18796
18799
18808
18817
18818
18823
18825
18827
18832
18841
18843
18845
18848
18849
18860
18863
18869
18871
18873
18877
18878
18881
18882
18884
18888
18890
18895
18897
18898
18901
18908
18909
18911
18913
18916
18917
18919
18920
18925
18927
18928
18930
18931
18932
18936
18938
18941
18951
18952
18954
18955
18963
18966
18971
18978
18980
18982
18984
18993
18998
19000
19005
19011
19012
19016
19017
19019
19024
19026
19028
19033
19045
19050
19052
19056
19060
19065
19066
19073
19076
19079
19080
19082
19085
19093
19097
19102
19105
19112
19115
19118
19124
19125
19131
19132
19135
19136
19137
19140
19142
19144
19146
19147
19153
19156
19160
19161
19162
19164
19167
19168
19178
19179
19180
19181
19183
19184
19187
19188
19198
19203
19207
19215
19220
19221
19223
19227
19229
19230
19232
19233
19237
19240
19241
19254
19256
19258
19263
19266
19268
19269
19272
19276
19279
19280
19282
19284
19290
19291
19295
19308
19309
19311
19319
19327
19329
19331
19333
19335
19337
19338
19345
19348
19353
19355
19357
19359
19360
19363
19366
19369
19376
19384
19386
19390
19392
19393
19396
19404
19405
19407
19408
19409
19413
19417
19420
19422
19425
19426
19427
19428
19435
19440
19442
19443
19449
19450
19452
19453
19455
19468
19474
19475
19478
19480
19481
19492
19493
19497
19500
19510
19514
19519
19525
19532
19536
19539
19541
19544
19553
19555
19556
19557
19558
19559
19566
19569
19571
19580
19582
19583
19584
19588
19595
19596
19600
19602
19610
19614
19617
19618
19626
19627
19628
19630
19644
19645
19648
19649
19650
19656
19658
19670
19673
19674
19675
19679
19682
19686
19692
19699
19701
19717
19719
19722
19724
19725
19736
19738
19742
19744
19751
19759
19764
19769
19772
19773
19776
19777
19778
19779
19780
19782
19784
19785
19791
19800
19801
19802
19806
19807
19809
19811
19817
19821
19823
19824
19826
19828
19838
19842
19843
19847
19855
19857
19862
19868
19869
19870
19878
19880
19881
19887
19889
19891
19892
19894
19895
19902
19904
19906
19907
19910
19911
19913
19916
19920
19922
19923
19924
19925
19930
19933
19935
19937
19938
19946
19950
19961
19962
19963
19965
19975
19977
19979
19984
19985
19994
19995
19999
20003
20004
20006
20007
20013
20017
20023
20026
20030
20032
20034
20039
20040
20048
20050
20052
20053
20054
20057
20058
20060
20063
20064
20067
20073
20075
20077
20078
20080
20083
20085
20092
20099
20100
20101
20107
20108
20109
20111
20117
20118
20119
20122
20128
20132
20138
20140
20144
20146
20147
20149
20151
20155
20158
20162
20168
20177
20181
20185
20186
20188
20192
20198
20200
20202
20207
20208
20210
20211
20215
20235
20239
20244
20246
20247
20248
20250
20251
20252
20258
20260
20261
20262
20263
20265
20266
20269
20270
20271
20274
20275
20278
20283
20288
20292
20296
20302
20304
20305
20309
20312
20315
20320
20324
20327
20329
20330
20331
20333
20335
20338
20339
20343
20345
20350
20353
20355
20357
20359
20361
20366
20367
20370
20371
20375
20381
20383
20386
20388
20396
20403
20404
20408
20411
20412
20422
20423
20425
20428
20433
20444
20447
20449
20453
20455
20458
20459
20462
20464
20467
20471
20476
20478
20480
20481
20486
20487
20493
20495
20499
20505
20506
20509
20511
20512
20516
20519
20520
20523
20525
20530
20534
20537
20539
20540
20545
20548
20551
20555
20556
20560
20562
20564
20565
20567
20569
20570
20571
20577
20583
20585
20588
20596
20600
20602
20603
20608
20610
20611
20613
20618
20620
20625
20627
20630
20633
20634
20640
20641
20643
20645
20650
20651
20653
20654
20657
20658
20661
20662
20664
20665
20669
20675
20678
20695
20696
20704
20706
20707
20709
20718
20722
20723
20726
20731
20732
20735
20737
20738
20740
20745
20746
20747
20750
20753
20756
20759
20761
20773
20781
20786
20789
20792
20795
20802
20807
20808
20809
20819
20820
20829
20831
20832
20841
20843
20848
20853
20858
20859
20861
20862
20863
20864
20866
20868
20872
20874
20878
20881
20882
20884
20886
20887
20888
20894
20895
20902
20904
20906
20907
20911
20913
20917
20920
20923
20927
20932
20934
20935
20942
20943
20946
20949
20953
20964
20966
20967
20969
20970
20977
20979
20981
20982
20987
20992
20993
20995
20997
20998
21003
21004
21005
21010
21012
21020
21023
21029
21032
21033
21035
21037
21043
21050
21052
21057
21058
21059
21061
21067
21072
21074
21075
21079
21084
21086
21087
21093
21094
21096
21101
21103
21106
21109
21111
21114
21118
21119
21121
21123
21124
21126
21128
21129
21130
21131
21134
21137
21138
21139
21142
21144
21153
21159
21160
21161
21162
21163
21166
21168
21171
21172
21175
21176
21177
21179
21186
21187
21194
21197
21201
21207
21210
21211
21212
21214
21215
21217
21218
21223
21225
21226
21227
21230
21240
21243
21250
21257
21261
21271
21278
21280
21282
21286
21288
21289
21296
21299
21310
21311
21318
21319
21325
21335
21341
21344
21345
21346
21355
21357
21359
21360
21367
21370
21376
21380
21382
21386
21387
21389
21392
21396
21398
21401
21403
21407
21408
21414
21420
21422
21423
21431
21432
21436
21439
21442
21446
21448
21451
21459
21460
21462
21467
21471
21473
21476
21479
21480
21481
21485
21487
21490
21493
21494
21495
21497
21500
21501
21513
21514
21519
21521
21522
21525
21526
21530
21531
21532
21534
21535
21537
21538
21540
21543
21544
21546
21548
21549
21550
21552
21558
21571
21573
21578
21581
21584
21586
21596
21597
21598
21599
21601
21606
21609
21612
21615
21618
21621
21623
21624
21626
21631
21632
21639
21640
21643
21644
21645
21648
21649
21654
21655
21656
21657
21658
21661
21662
21663
21666
21667
21669
21670
21673
21674
21679
21681
21684
21694
21697
21699
21705
21708
21709
21716
21719
21728
21729
21730
21733
21735
21736
21739
21741
21743
21744
21747
21750
21751
21754
21757
21758
21761
21764
21771
21772
21775
21776
21777
21778
21789
21790
21792
21793
21794
21795
21798
21800
21802
21803
21806
21807
21808
21809
21812
21813
21814
21815
21816
21820
21830
21832
21837
21840
21846
21851
21855
21860
21863
21867
21871
21874
21876
21878
21887
21888
21890
21892
21895
21896
21902
21903
21907
21908
21911
21912
21914
21916
21917
21922
21924
21926
21928
21934
21935
21938
21946
21956
21957
21958
21962
21964
21966
21974
21975
21979
21980
21981
21983
21992
21993
21998
22000
22002
22010
22012
22014
22031
22032
22033
22036
22043
22045
22046
22048
22052
22054
22056
22059
22060
22062
22065
22070
22075
22077
22081
22083
22085
22086
22093
22099
22101
22102
22112
22116
22118
22119
22132
22133
22135
22138
22146
22148
22151
22153
22158
22159
22166
22169
22170
22182
22185
22190
22191
22196
22200
22202
22203
22214
22215
22219
22223
22225
22226
22228
22229
22231
22242
22247
22249
22252
22254
22256
22261
22264
22269
22272
22276
22281
22282
22283
22287
22290
22291
22292
22295
22298
22299
22300
22301
22305
22307
22315
22329
22330
22332
22336
22349
22350
22358
22364
22366
22368
22369
22370
22371
22378
22380
22384
22388
22389
22390
22393
22394
22396
22398
22399
22401
22404
22407
22409
22414
22419
22422
22423
22426
22427
22431
22432
22434
22436
22437
22439
22441
22443
22444
22447
22450
22452
22460
22461
22465
22467
22468
22474
22483
22484
22486
22487
22488
22490
22498
22501
22502
22508
22510
22514
22519
22521
22525
22535
22539
22540
22541
22543
22545
22546
22547
22556
22557
22565
22567
22572
22578
22586
22590
22594
22596
22598
22600
22602
22606
22607
22609
22612
22613
22614
22616
22621
22626
22628
22633
22634
22635
22639
22647
22651
22653
22654
22656
22659
22665
22666
22667
22669
22672
22676
22681
22682
22684
22691
22694
22695
22696
22701
22704
22705
22714
22715
22719
22722
22731
22733
22734
22736
22746
22756
22757
22762
22764
22768
22773
22774
22778
22783
22787
22788
22791
22797
22803
22804
22810
22812
22813
22820
22821
22824
22826
22829
22831
22833
22860
22866
22870
22876
22881
22885
22886
22888
22893
22897
22899
22900
22907
22909
22911
22920
22931
22936
22937
22938
22941
22947
22954
22955
22959
22960
22961
22964
22967
22970
22971
22973
22978
22980
22984
22988
22989
22991
22992
22993
22995
22996
23006
23008
23009
23010
23015
23016
23030
23033
23034
23037
23043
23055
23056
23060
23066
23067
23068
23072
23077
23084
23085
23086
23087
23088
23092
23093
23101
23103
23108
23109
23115
23117
23119
23122
23123
23124
23127
23132
23138
23141
23145
23147
23148
23151
23153
23156
23158
23173
23177
23178
23185
23186
23191
23199
23206
23212
23218
23222
23223
23228
23229
23234
23235
23238
23239
23240
23248
23257
23258
23259
23268
23269
23277
23282
23286
23290
23295
23299
23301
23303
23307
23309
23311
23315
23318
23326
23332
23334
23339
23342
23347
23349
23350
23353
23362
23363
23367
23368
23372
23373
23374
23375
23377
23381
23384
23389
23394
23404
23407
23411
23412
23418
23422
23423
23426
23431
23432
23434
23437
23441
23443
23446
23447
23452
23457
23459
23462
23464
23466
23467
23470
23474
23476
23481
23483
23487
23493
23495
23499
23502
23511
23512
23514
23515
23521
23525
23532
23534
23536
23537
23538
23543
23550
23560
23561
23563
23569
23570
23571
23576
23584
23588
23589
23590
23593
23599
23601
23602
23606
23609
23615
23620
23621
23623
23625
23626
23627
23629
23632
23634
23635
23636
23642
23645
23647
23648
23651
23656
23666
23667
23674
23677
23680
23683
23686
23688
23689
23699
23701
23703
23714
23716
23717
23718
23719
23723
23727
23730
23741
23742
23745
23748
23749
23761
23768
23769
23773
23775
23776
23777
23780
23781
23783
23789
23792
23794
23798
23802
23805
23806
23808
23810
23813
23816
23817
23820
23824
23830
23832
23833
23837
23838
23839
23841
23844
23846
23853
23856
23857
23858
23866
23867
23869
23872
23873
23878
23883
23886
23890
23893
23897
23904
23905
23906
23908
23912
23916
23920
23921
23925
23927
23933
23937
23939
23943
23946
23948
23950
23952
23955
23956
23957
23961
23964
23965
23967
23972
23974
23979
23980
23982
23983
23984
23985
23987
23989
23995
24000
24007
24008
24011
24013
24016
24027
24033
24034
24035
24038
24039
24041
24042
24043
24045
24046
24049
24050
24051
24052
24053
24063
24064
24065
24069
24074
24075
24081
24082
24083
24085
24086
24094
24101
24102
24104
24111
24112
24114
24115
24118
24119
24121
24123
24124
24132
24140
24142
24144
24145
24148
24156
24157
24158
24166
24169
24174
24178
24182
24184
24185
24198
24203
24204
24206
24207
24212
24213
24220
24223
24228
24229
24230
24232
24233
24237
24239
24247
24248
24249
24250
24253
24262
24263
24266
24268
24269
24272
24273
24275
24279
24286
24287
24292
24294
24295
24299
24304
24316
24322
24328
24332
24333
24334
24336
24341
24343
24345
24359
24360
24362
24365
24366
24368
24381
24382
24383
24385
24386
24390
24392
24393
24395
24404
24405
24406
24409
24410
24412
24414
24415
24416
24418
24421
24424
24430
24434
24439
24443
24449
24451
24453
24456
24457
24458
24459
24465
24466
24467
24469
24470
24472
24473
24486
24490
24493
24499
24500
24503
24504
24505
24507
24511
24513
24516
24518
24519
24521
24522
24523
24524
24527
24529
24530
24533
24535
24537
24538
24539
24541
24546
24552
24556
24557
24559
24562
24567
24569
24571
24574
24575
24576
24583
24584
24586
24588
24591
24593
24597
24600
24601
24604
24612
24619
24620
24626
24627
24628
24629
24634
24640
24644
24648
24651
24653
24660
24668
24669
24675
24679
24685
24687
24689
24691
24694
24696
24699
24700
24704
24706
24710
24711
24718
24719
24725
24727
24729
24730
24731
24740
24751
24752
24760
24761
24763
24766
24769
24771
24772
24773
24774
24776
24788
24794
24795
24802
24808
24809
24811
24818
24821
24823
24825
24829
24830
24831
24848
24857
24858
24860
24865
24867
24870
24872
24880
24882
24884
24886
24889
24896
24899
24900
24902
24903
24905
24906
24909
24911
24912
24915
24918
24920
24921
24925
24929
24931
24936
24939
24940
24943
24950
24955
24957
24958
24960
24964
24971
24977
24982
24991
24993
24994
24995
24996
24998
24999
25000
25001
25004
25013
25014
25016
25018
25019
25021
25025
25026
25028
25030
25044
25050
25051
25052
25055
25059
25067
25072
25079
25085
25090
25092
25097
25098
25103
25104
25105
25107
25109
25112
25113
25121
25123
25125
25127
25128
25131
25133
25135
25136
25138
25139
25140
25143
25144
25145
25146
25148
25149
25155
25157
25160
25161
25162
25166
25167
25169
25171
25174
25175
25179
25180
25186
25188
25197
25201
25205
25206
25208
25212
25215
25222
25228
25234
25235
25239
25240
25246
25248
25249
25251
25255
25265
25266
25276
25283
25284
25286
25292
25293
25296
25299
25304
25305
25306
25307
25317
25323
25327
25328
25332
25334
25337
25341
25349
25355
25360
25363
25366
25367
25371
25373
25379
25386
25394
25397
25399
25403
25408
25410
25415
25419
25420
25431
25432
25433
25436
25441
25447
25458
25459
25460
25465
25468
25469
25472
25475
25477
25480
25481
25483
25485
25489
25490
25491
25492
25493
25501
25503
25504
25505
25508
25511
25512
25519
25521
25523
25527
25528
25530
25536
25539
25541
25542
25543
25544
25549
25552
25553
25558
25564
25565
25567
25570
25573
25575
25576
25577
25583
25584
25587
25591
25592
25595
25596
25597
25603
25604
25605
25606
25608
25609
25610
25613
25615
25616
25620
25623
25625
25628
25629
25632
25644
25646
25650
25651
25653
25656
25659
25661
25666
25667
25668
25669
25671
25673
25677
25678
25679
25680
25683
25687
25691
25695
25696
25700
25701
25703
25705
25706
25708
25709
25720
25722
25724
25725
25726
25727
25729
25730
25732
25733
25734
25736
25738
25741
25742
25746
25748
25749
25752
25754
25756
25757
25761
25762
25771
25775
25776
25778
25780
25782
25783
25785
25790
25797
25799
25800
25805
25808
25811
25812
25818
25819
25824
25825
25826
25831
25832
25833
25842
25843
25847
25849
25852
25854
25855
25857
25858
25859
25860
25861
25863
25864
25867
25871
25875
25878
25893
25894
25895
25898
25907
25919
25927
25929
25935
25937
25943
25945
25946
25951
25952
25959
25961
25962
25963
25967
25972
25974
25976
25977
25978
25984
25989
25992
25995
25999
26001
26002
26007
26008
26017
26019
26025
26026
26031
26032
26034
26037
26038
26042
26043
26046
26047
26048
26051
26053
26055
26063
26067
26068
26069
26071
26073
26075
26081
26082
26083
26084
26086
26093
26094
26095
26098
26099
26106
26107
26108
26113
26114
26115
26120
26121
26122
26124
26125
26126
26133
26134
26136
26138
26145
26149
26151
26152
26153
26154
26156
26157
26159
26160
26161
26170
26173
26174
26176
26177
26185
26191
26194
26197
26199
26210
26213
26215
26217
26223
26225
26229
26233
26237
26239
26247
26250
26252
26254
26255
26256
26261
26262
26265
26271
26273
26278
26282
26286
26289
26300
26301
26305
26307
26311
26318
26319
26320
26323
26326
26327
26334
26335
26337
26338
26339
26340
26345
26346
26348
26350
26351
26353
26354
26355
26357
26364
26365
26370
26376
26381
26382
26385
26386
26387
26388
26397
26403
26418
26419
26422
26427
26430
26431
26432
26434
26439
26440
26450
26453
26457
26461
26462
26464
26470
26471
26482
26484
26485
26490
26495
26496
26498
26507
26509
26513
26515
26520
26521
26531
26539
26544
26546
26550
26551
26561
26565
26566
26567
26572
26574
26576
26577
26579
26598
26599
26600
26601
26606
26609
26612
26613
26615
26616
26617
26618
26626
26627
26632
26634
26638
26640
26642
26643
26650
26656
26662
26663
26664
26666
26669
26671
26672
26675
26677
26680
26688
26691
26692
26693
26694
26701
26706
26709
26712
26714
26716
26721
26723
26724
26726
26730
26731
26732
26734
26735
26737
26738
26744
26748
26749
26750
26752
26755
26758
26761
26763
26766
26769
26770
26773
26775
26778
26780
26781
26782
26785
26787
26789
26792
26794
26795
26797
26800
26801
26803
26804
26813
26816
26820
26821
26824
26826
26828
26831
26847
26848
26851
26852
26855
26859
26861
26865
26869
26875
26879
26883
26886
26888
26889
26890
26899
26903
26907
26912
26913
26914
26920
26921
26924
26925
26927
26929
26932
26937
26938
26942
26943
26951
26952
26958
26967
26969
26971
26979
26982
26983
26988
26995
