-92
33
15
2
3
67
-49
-83
-32
-60
76
-71
-68
21
4
-47
-48
75
36
-34
30
-59
-91
48
71
29
-54
-7
8
93
8
0
60
-18
24
38
-24
22
65
-10
-78
26
40
18
24
35
52
-98
29
-80
-37
98
-47
73
19
-35
59
-44
-16
-70
-38
51
65
89
-83
-18
34
63
69
-97
-54
20
85
-53
-59
-100
-100
-32
69
-77
84
41
86
-24
-12
-23
-18
-97
40
-29
-29
53
-24
-12
84
-50
-50
75
95
0
42
-22
-17
-61
-26
-46
70
43
7
-68
-62
-87
31
2
-54
-7
-57
-66
-60
-22
-5
36
96
59
18
75
-17
-37
-82
27
-73
-71
72
-19
-1
26
51
-71
-42
98
-42
92
60
-47
-96
-98
-32
20
-3
-14
97
38
55
74
65
86
46
47
-45
-50
-64
-33
28
14
4
36
78
-60
-58
-30
88
-69
-86
73
38
-41
19
-15
93
-4
12
91
-49
22
-8
73
-92
-34
41
66
-33
15
-27
-50
-5
-22
40
88
65
-86
-50
-3
-98
26
-97
92
-85
95
-99
55
-75
-28
81
-77
-77
-50
-25
-2
-92
-18
69
-94
-43
-63
-82
68
6
40
-84
81
-68
-38
-74
-100
-61
63
-23
-51
63
20
-76
28
41
-76
-53
23
-45
-17
66
-55
-74
-45
99
-58
8
13
99
61
-35
16
-79
29
-26
62
23
-10
92
93
68
97
97
-14
12
-15
-84
-76
-70
-16
-40
-96
59
100
92
-55
-46
-22
97
-86
16
32
13
91
63
-100
57
11
-69
-43
-29
-33
14
11
-92
-99
77
17
35
58
-17
-66
-99
3
-14
74
-28
80
-75
-49
97
-38
5
80
-17
68
84
-51
67
-22
99
-27
94
-14
38
41
-29
-32
-19
35
-86
37
-1
-83
-75
92
84
-63
83
30
-39
32
-68
25
-24
-23
-12
89
-16
-73
38
-78
-13
92
-88
-90
-70
8
29
-97
-74
-39
31
71
-61
-68
99
-90
22
32
-28
100
-60
21
-41
61
-15
-55
-36
-53
2
-44
37
-37
52
-78
-47
-68
33
10
84
39
35
4
-48
-93
-76
-69
82
-89
-67
-51
-44
54
79
82
63
-45
-70
-80
-69
4
-53
-94
-15
56
-71
88
-80
-87
54
22
-12
-40
-89
-93
-30
20
-2
91
-33
-53
10
12
28
18
88
30
-85
79
-4
98
36
0
8
56
75
-40
-1
78
26
52
-47
-6
26
-21
23
-62
80
-86
68
7
82
0
-92
-79
42
-58
95
-51
92
-6
31
-94
-19
56
-14
-9
-90
-60
17
59
-11
-49
81
37
3
-31
-34
18
41
76
-74
-54
10
23
-13
-74
18
-12
94
4
-83
-48
-54
-40
10
-36
-64
-15
45
20
-17
96
36
65
72
-1
82
29
-59
25
79
91
46
-31
-24
-50
88
-90
-56
79
85
-20
85
-23
-64
18
45
-41
-22
49
59
-17
-88
-93
82
-36
7
-96
-80
53
34
-65
100
-18
25
89
58
-81
6
-64
79
73
97
-77
79
-47
-10
-7
43
-44
35
-39
96
89
15
61
-70
58
-79
31
-82
-16
-56
-30
81
-48
-39
58
-15
58
34
6
87
48
-27
-37
-92
-26
-91
75
-89
-70
26
55
25
3
-56
-7
-72
-85
-61
89
55
-67
67
-34
88
15
-31
-18
7
4
5
-85
-14
-63
-4
-79
-10
96
-20
-22
-40
-92
93
-92
-48
12
-33
26
54
51
-48
-85
42
65
5
-83
81
-29
-21
3
55
-9
19
25
48
32
12
35
20
-37
79
-10
98
-50
-65
-18
70
45
-94
-77
-69
-83
15
-39
-51
27
-78
96
88
-88
24
35
-87
92
-74
-62
44
26
48
82
95
-20
-86
-46
51
51
4
-47
73
-93
14
33
26
-93
-3
55
49
98
-9
76
-22
3
-5
-32
95
52
-93
23
13
1
45
-61
94
86
79
-92
33
-93
-18
27
25
-37
-70
-60
-61
-4
-79
12
-64
-56
-36
-50
-61
99
-83
-84
51
44
31
60
11
-34
42
65
56
54
16
97
26
-86
67
-96
22
-60
-98
34
39
-31
96
90
-44
-77
37
68
99
25
-53
-48
-50
-97
86
53
-63
-18
-24
-60
-56
-89
42
36
-19
71
-75
-54
-31
-28
79
-77
-42
-100
-6
10
37
83
30
93
-13
-31
-68
-38
-2
-48
-6
-51
25
-9
6
84
69
-91
-20
-18
81
-22
-43
28
82
94
-88
81
60
-95
-4
38
63
-16
-26
29
0
-70
-99
37
14
-41
-20
-15
-77
57
3
20
89
-4
69
-31
74
-14
-2
97
94
57
-14
85
-84
10
-50
-64
8
-39
-31
82
-21
-20
53
38
-47
-98
-92
38
56
40
-42
57
-78
-76
29
66
-36
30
-68
-79
-58
53
66
88
-98
18
-62
-91
27
51
46
90
-31
-72
85
77
14
-47
23
34
3
-8
8
27
-15
-97
91
-44
-32
-70
45
72
37
35
-28
18
-86
-3
3
63
-38
20
-6
-27
13
6
-2
-3
68
11
-47
-56
-74
55
94
-62
26
70
64
89
4
-4
-79
37
-52
-53
-9
12
57
10
-64
-29
18
-5
60
62
18
-1
-89
-50
71
-51
8
48
-2
-60
68
76
-67
-36
24
76
58
-41
12
24
57
25